1.414 1.043 1.249 
1.414 1.043 1.249 
1.413 1.043 1.249 
1.413 1.043 1.248 
1.413 1.043 1.248 
1.413 1.043 1.248 
1.413 1.043 1.248 
1.413 1.043 1.248 
1.413 1.042 1.248 
1.412 1.042 1.248 
1.412 1.042 1.248 
1.412 1.042 1.248 
1.412 1.042 1.248 
1.412 1.042 1.248 
1.412 1.042 1.248 
1.412 1.042 1.248 
1.411 1.042 1.247 
1.411 1.042 1.247 
1.411 1.041 1.247 
1.411 1.041 1.247 
1.411 1.041 1.247 
1.411 1.041 1.247 
1.410 1.041 1.247 
1.410 1.041 1.247 
1.410 1.041 1.247 
1.410 1.041 1.247 
1.410 1.041 1.247 
1.410 1.041 1.247 
1.410 1.040 1.246 
1.409 1.040 1.246 
1.409 1.040 1.246 
1.409 1.040 1.246 
1.409 1.040 1.246 
1.409 1.040 1.246 
1.409 1.040 1.246 
1.409 1.040 1.246 
1.408 1.040 1.246 
1.408 1.040 1.246 
1.408 1.040 1.246 
1.408 1.039 1.246 
1.408 1.039 1.245 
1.408 1.039 1.245 
1.407 1.039 1.245 
1.407 1.039 1.245 
1.407 1.039 1.245 
1.407 1.039 1.245 
1.407 1.039 1.245 
1.407 1.039 1.245 
1.407 1.039 1.245 
1.406 1.038 1.245 
1.406 1.038 1.245 
1.406 1.038 1.245 
1.406 1.038 1.244 
1.406 1.038 1.244 
1.406 1.038 1.244 
1.405 1.038 1.244 
1.405 1.038 1.244 
1.405 1.038 1.244 
1.405 1.038 1.244 
1.405 1.037 1.244 
1.405 1.037 1.244 
1.405 1.037 1.244 
1.404 1.037 1.244 
1.404 1.037 1.244 
1.404 1.037 1.243 
1.404 1.037 1.243 
1.404 1.037 1.243 
1.404 1.037 1.243 
1.403 1.037 1.243 
1.403 1.036 1.243 
1.403 1.036 1.243 
1.403 1.036 1.243 
1.403 1.036 1.243 
1.403 1.036 1.243 
1.403 1.036 1.243 
1.402 1.036 1.242 
1.402 1.036 1.242 
1.402 1.036 1.242 
1.402 1.036 1.242 
1.402 1.035 1.242 
1.402 1.035 1.242 
1.401 1.035 1.242 
1.401 1.035 1.242 
1.401 1.035 1.242 
1.401 1.035 1.242 
1.401 1.035 1.242 
1.401 1.035 1.241 
1.401 1.035 1.241 
1.400 1.035 1.241 
1.400 1.034 1.241 
1.400 1.034 1.241 
1.400 1.034 1.241 
1.400 1.034 1.241 
1.400 1.034 1.241 
1.399 1.034 1.241 
1.399 1.034 1.241 
1.399 1.034 1.241 
1.399 1.034 1.241 
1.399 1.034 1.240 
1.399 1.033 1.240 
1.398 1.033 1.240 
1.398 1.033 1.240 
1.398 1.033 1.240 
1.398 1.033 1.240 
1.398 1.033 1.240 
1.398 1.033 1.240 
1.398 1.033 1.240 
1.397 1.033 1.240 
1.397 1.033 1.240 
1.397 1.032 1.239 
1.397 1.032 1.239 
1.397 1.032 1.239 
1.397 1.032 1.239 
1.396 1.032 1.239 
1.396 1.032 1.239 
1.396 1.032 1.239 
1.396 1.032 1.239 
1.396 1.032 1.239 
1.396 1.032 1.239 
1.395 1.031 1.238 
1.395 1.031 1.238 
1.395 1.031 1.238 
1.395 1.031 1.238 
1.395 1.031 1.238 
1.395 1.031 1.238 
1.394 1.031 1.238 
1.394 1.031 1.238 
1.394 1.031 1.238 
1.394 1.031 1.238 
1.394 1.030 1.238 
1.394 1.030 1.237 
1.393 1.030 1.237 
1.393 1.030 1.237 
1.393 1.030 1.237 
1.393 1.030 1.237 
1.393 1.030 1.237 
1.393 1.030 1.237 
1.393 1.030 1.237 
1.392 1.030 1.237 
1.392 1.029 1.237 
1.392 1.029 1.237 
1.392 1.029 1.236 
1.392 1.029 1.236 
1.392 1.029 1.236 
1.391 1.029 1.236 
1.391 1.029 1.236 
1.391 1.029 1.236 
1.391 1.029 1.236 
1.391 1.029 1.236 
1.391 1.028 1.236 
1.390 1.028 1.236 
1.390 1.028 1.235 
1.390 1.028 1.235 
1.390 1.028 1.235 
1.390 1.028 1.235 
1.390 1.028 1.235 
1.389 1.028 1.235 
1.389 1.028 1.235 
1.389 1.028 1.235 
1.389 1.027 1.235 
1.389 1.027 1.235 
1.389 1.027 1.235 
1.388 1.027 1.234 
1.388 1.027 1.234 
1.388 1.027 1.234 
1.388 1.027 1.234 
1.388 1.027 1.234 
1.388 1.027 1.234 
1.387 1.026 1.234 
1.387 1.026 1.234 
1.387 1.026 1.234 
1.387 1.026 1.234 
1.387 1.026 1.233 
1.387 1.026 1.233 
1.386 1.026 1.233 
1.386 1.026 1.233 
1.386 1.026 1.233 
1.386 1.026 1.233 
1.386 1.025 1.233 
1.386 1.025 1.233 
1.385 1.025 1.233 
1.385 1.025 1.233 
1.385 1.025 1.232 
1.385 1.025 1.232 
1.385 1.025 1.232 
1.385 1.025 1.232 
1.384 1.025 1.232 
1.384 1.025 1.232 
1.384 1.024 1.232 
1.384 1.024 1.232 
1.384 1.024 1.232 
1.384 1.024 1.232 
1.383 1.024 1.231 
1.383 1.024 1.231 
1.383 1.024 1.231 
1.383 1.024 1.231 
1.383 1.024 1.231 
1.383 1.023 1.231 
1.382 1.023 1.231 
1.382 1.023 1.231 
1.382 1.023 1.231 
1.382 1.023 1.231 
1.382 1.023 1.230 
1.381 1.023 1.230 
1.381 1.023 1.230 
1.381 1.023 1.230 
1.381 1.023 1.230 
1.381 1.022 1.230 
1.381 1.022 1.230 
1.380 1.022 1.230 
1.380 1.022 1.230 
1.380 1.022 1.230 
1.380 1.022 1.229 
1.380 1.022 1.229 
1.380 1.022 1.229 
1.379 1.022 1.229 
1.379 1.021 1.229 
1.379 1.021 1.229 
1.379 1.021 1.229 
1.379 1.021 1.229 
1.379 1.021 1.229 
1.378 1.021 1.229 
1.378 1.021 1.228 
1.378 1.021 1.228 
1.378 1.021 1.228 
1.378 1.021 1.228 
1.378 1.020 1.228 
1.377 1.020 1.228 
1.377 1.020 1.228 
1.377 1.020 1.228 
1.377 1.020 1.228 
1.377 1.020 1.227 
1.377 1.020 1.227 
1.376 1.020 1.227 
1.376 1.020 1.227 
1.376 1.019 1.227 
1.376 1.019 1.227 
1.376 1.019 1.227 
1.375 1.019 1.227 
1.375 1.019 1.227 
1.375 1.019 1.227 
1.375 1.019 1.226 
1.375 1.019 1.226 
1.375 1.019 1.226 
1.374 1.019 1.226 
1.374 1.018 1.226 
1.374 1.018 1.226 
1.374 1.018 1.226 
1.374 1.018 1.226 
1.374 1.018 1.226 
1.373 1.018 1.225 
1.373 1.018 1.225 
1.373 1.018 1.225 
1.373 1.018 1.225 
1.373 1.017 1.225 
1.372 1.017 1.225 
1.372 1.017 1.225 
1.372 1.017 1.225 
1.372 1.017 1.225 
1.372 1.017 1.225 
1.372 1.017 1.224 
1.371 1.017 1.224 
1.371 1.017 1.224 
1.371 1.016 1.224 
1.371 1.016 1.224 
1.371 1.016 1.224 
1.371 1.016 1.224 
1.370 1.016 1.224 
1.370 1.016 1.224 
1.370 1.016 1.223 
1.370 1.016 1.223 
1.370 1.016 1.223 
1.369 1.016 1.223 
1.369 1.015 1.223 
1.369 1.015 1.223 
1.369 1.015 1.223 
1.369 1.015 1.223 
1.369 1.015 1.223 
1.368 1.015 1.223 
1.368 1.015 1.222 
1.368 1.015 1.222 
1.368 1.015 1.222 
1.368 1.014 1.222 
1.368 1.014 1.222 
1.367 1.014 1.222 
1.367 1.014 1.222 
1.367 1.014 1.222 
1.367 1.014 1.222 
1.367 1.014 1.221 
1.366 1.014 1.221 
1.366 1.014 1.221 
1.366 1.013 1.221 
1.366 1.013 1.221 
1.366 1.013 1.221 
1.366 1.013 1.221 
1.365 1.013 1.221 
1.365 1.013 1.221 
1.365 1.013 1.220 
1.365 1.013 1.220 
1.365 1.013 1.220 
1.365 1.013 1.220 
1.364 1.012 1.220 
1.364 1.012 1.220 
1.364 1.012 1.220 
1.364 1.012 1.220 
1.364 1.012 1.220 
1.363 1.012 1.219 
1.363 1.012 1.219 
1.363 1.012 1.219 
1.363 1.012 1.219 
1.363 1.011 1.219 
1.363 1.011 1.219 
1.362 1.011 1.219 
1.362 1.011 1.219 
1.362 1.011 1.219 
1.362 1.011 1.218 
1.362 1.011 1.218 
1.361 1.011 1.218 
1.361 1.011 1.218 
1.361 1.010 1.218 
1.361 1.010 1.218 
1.361 1.010 1.218 
1.361 1.010 1.218 
1.360 1.010 1.218 
1.360 1.010 1.217 
1.360 1.010 1.217 
1.360 1.010 1.217 
1.360 1.010 1.217 
1.359 1.009 1.217 
1.359 1.009 1.217 
1.359 1.009 1.217 
1.359 1.009 1.217 
1.359 1.009 1.217 
1.359 1.009 1.216 
1.358 1.009 1.216 
1.358 1.009 1.216 
1.358 1.009 1.216 
1.358 1.009 1.216 
1.358 1.008 1.216 
1.357 1.008 1.216 
1.357 1.008 1.216 
1.357 1.008 1.216 
1.357 1.008 1.215 
1.357 1.008 1.215 
1.357 1.008 1.215 
1.356 1.008 1.215 
1.356 1.008 1.215 
1.356 1.007 1.215 
1.356 1.007 1.215 
1.356 1.007 1.215 
1.355 1.007 1.214 
1.355 1.007 1.214 
1.355 1.007 1.214 
1.355 1.007 1.214 
1.355 1.007 1.214 
1.354 1.007 1.214 
1.354 1.006 1.214 
1.354 1.006 1.214 
1.354 1.006 1.214 
1.354 1.006 1.213 
1.354 1.006 1.213 
1.353 1.006 1.213 
1.353 1.006 1.213 
1.353 1.006 1.213 
1.353 1.006 1.213 
1.353 1.005 1.213 
1.352 1.005 1.213 
1.352 1.005 1.213 
1.352 1.005 1.212 
1.352 1.005 1.212 
1.352 1.005 1.212 
1.352 1.005 1.212 
1.351 1.005 1.212 
1.351 1.005 1.212 
1.351 1.004 1.212 
1.351 1.004 1.212 
1.351 1.004 1.211 
1.350 1.004 1.211 
1.350 1.004 1.211 
1.350 1.004 1.211 
1.350 1.004 1.211 
1.350 1.004 1.211 
1.349 1.004 1.211 
1.349 1.003 1.211 
1.349 1.003 1.211 
1.349 1.003 1.210 
1.349 1.003 1.210 
1.349 1.003 1.210 
1.348 1.003 1.210 
1.348 1.003 1.210 
1.348 1.003 1.210 
1.348 1.003 1.210 
1.348 1.002 1.210 
1.347 1.002 1.210 
1.347 1.002 1.209 
1.347 1.002 1.209 
1.347 1.002 1.209 
1.347 1.002 1.209 
1.346 1.002 1.209 
1.346 1.002 1.209 
1.346 1.002 1.209 
1.346 1.001 1.209 
1.346 1.001 1.208 
1.346 1.001 1.208 
1.345 1.001 1.208 
1.345 1.001 1.208 
1.345 1.001 1.208 
1.345 1.001 1.208 
1.345 1.001 1.208 
1.344 1.001 1.208 
1.344 1.000 1.207 
1.344 1.000 1.207 
1.344 1.000 1.207 
1.344 1.000 1.207 
1.343 1.000 1.207 
1.343 1.000 1.207 
1.343 1.000 1.207 
1.343 1.000 1.207 
1.343 1.000 1.207 
1.343 0.999 1.206 
1.342 0.999 1.206 
1.342 0.999 1.206 
1.342 0.999 1.206 
1.342 0.999 1.206 
1.342 0.999 1.206 
1.341 0.999 1.206 
1.341 0.999 1.206 
1.341 0.999 1.205 
1.341 0.998 1.205 
1.341 0.998 1.205 
1.340 0.998 1.205 
1.340 0.998 1.205 
1.340 0.998 1.205 
1.340 0.998 1.205 
1.340 0.998 1.205 
1.339 0.998 1.204 
1.339 0.998 1.204 
1.339 0.997 1.204 
1.339 0.997 1.204 
1.339 0.997 1.204 
1.339 0.997 1.204 
1.338 0.997 1.204 
1.338 0.997 1.204 
1.338 0.997 1.204 
1.338 0.997 1.203 
1.338 0.997 1.203 
1.337 0.996 1.203 
1.337 0.996 1.203 
1.337 0.996 1.203 
1.337 0.996 1.203 
1.337 0.996 1.203 
1.336 0.996 1.203 
1.336 0.996 1.202 
1.336 0.996 1.202 
1.336 0.996 1.202 
1.336 0.995 1.202 
1.335 0.995 1.202 
1.335 0.995 1.202 
1.335 0.995 1.202 
1.335 0.995 1.202 
1.335 0.995 1.201 
1.334 0.995 1.201 
1.334 0.995 1.201 
1.334 0.995 1.201 
1.334 0.994 1.201 
1.334 0.994 1.201 
1.334 0.994 1.201 
1.333 0.994 1.201 
1.333 0.994 1.200 
1.333 0.994 1.200 
1.333 0.994 1.200 
1.333 0.994 1.200 
1.332 0.994 1.200 
1.332 0.993 1.200 
1.332 0.993 1.200 
1.332 0.993 1.200 
1.332 0.993 1.199 
1.331 0.993 1.199 
1.331 0.993 1.199 
1.331 0.993 1.199 
1.331 0.993 1.199 
1.331 0.993 1.199 
1.330 0.992 1.199 
1.330 0.992 1.199 
1.330 0.992 1.198 
1.330 0.992 1.198 
1.330 0.992 1.198 
1.329 0.992 1.198 
1.329 0.992 1.198 
1.329 0.992 1.198 
1.329 0.992 1.198 
1.329 0.991 1.198 
1.328 0.991 1.198 
1.328 0.991 1.197 
1.328 0.991 1.197 
1.328 0.991 1.197 
1.328 0.991 1.197 
1.328 0.991 1.197 
1.327 0.991 1.197 
1.327 0.991 1.197 
1.327 0.990 1.197 
1.327 0.990 1.196 
1.327 0.990 1.196 
1.326 0.990 1.196 
1.326 0.990 1.196 
1.326 0.990 1.196 
1.326 0.990 1.196 
1.326 0.990 1.196 
1.325 0.990 1.196 
1.325 0.989 1.195 
1.325 0.989 1.195 
1.325 0.989 1.195 
1.325 0.989 1.195 
1.324 0.989 1.195 
1.324 0.989 1.195 
1.324 0.989 1.195 
1.324 0.989 1.194 
1.324 0.989 1.194 
1.323 0.988 1.194 
1.323 0.988 1.194 
1.323 0.988 1.194 
1.323 0.988 1.194 
1.323 0.988 1.194 
1.322 0.988 1.194 
1.322 0.988 1.193 
1.322 0.988 1.193 
1.322 0.988 1.193 
1.322 0.987 1.193 
1.321 0.987 1.193 
1.321 0.987 1.193 
1.321 0.987 1.193 
1.321 0.987 1.193 
1.321 0.987 1.192 
1.320 0.987 1.192 
1.320 0.987 1.192 
1.320 0.986 1.192 
1.320 0.986 1.192 
1.320 0.986 1.192 
1.319 0.986 1.192 
1.319 0.986 1.192 
1.319 0.986 1.191 
1.319 0.986 1.191 
1.319 0.986 1.191 
1.319 0.986 1.191 
1.318 0.985 1.191 
1.318 0.985 1.191 
1.318 0.985 1.191 
1.318 0.985 1.191 
1.318 0.985 1.190 
1.317 0.985 1.190 
1.317 0.985 1.190 
1.317 0.985 1.190 
1.317 0.985 1.190 
1.317 0.984 1.190 
1.316 0.984 1.190 
1.316 0.984 1.190 
1.316 0.984 1.189 
1.316 0.984 1.189 
1.316 0.984 1.189 
1.315 0.984 1.189 
1.315 0.984 1.189 
1.315 0.984 1.189 
1.315 0.983 1.189 
1.315 0.983 1.189 
1.314 0.983 1.188 
1.314 0.983 1.188 
1.314 0.983 1.188 
1.314 0.983 1.188 
1.314 0.983 1.188 
1.313 0.983 1.188 
1.313 0.983 1.188 
1.313 0.982 1.187 
1.313 0.982 1.187 
1.313 0.982 1.187 
1.312 0.982 1.187 
1.312 0.982 1.187 
1.312 0.982 1.187 
1.312 0.982 1.187 
1.312 0.982 1.187 
1.311 0.982 1.186 
1.311 0.981 1.186 
1.311 0.981 1.186 
1.311 0.981 1.186 
1.311 0.981 1.186 
1.310 0.981 1.186 
1.310 0.981 1.186 
1.310 0.981 1.186 
1.310 0.981 1.185 
1.310 0.980 1.185 
1.309 0.980 1.185 
1.309 0.980 1.185 
1.309 0.980 1.185 
1.309 0.980 1.185 
1.309 0.980 1.185 
1.308 0.980 1.184 
1.308 0.980 1.184 
1.308 0.980 1.184 
1.308 0.979 1.184 
1.308 0.979 1.184 
1.307 0.979 1.184 
1.307 0.979 1.184 
1.307 0.979 1.184 
1.307 0.979 1.183 
1.307 0.979 1.183 
1.306 0.979 1.183 
1.306 0.979 1.183 
1.306 0.978 1.183 
1.306 0.978 1.183 
1.306 0.978 1.183 
1.305 0.978 1.183 
1.305 0.978 1.182 
1.305 0.978 1.182 
1.305 0.978 1.182 
1.305 0.978 1.182 
1.304 0.978 1.182 
1.304 0.977 1.182 
1.304 0.977 1.182 
1.304 0.977 1.181 
1.304 0.977 1.181 
1.303 0.977 1.181 
1.303 0.977 1.181 
1.303 0.977 1.181 
1.303 0.977 1.181 
1.303 0.977 1.181 
1.302 0.976 1.181 
1.302 0.976 1.180 
1.302 0.976 1.180 
1.302 0.976 1.180 
1.302 0.976 1.180 
1.301 0.976 1.180 
1.301 0.976 1.180 
1.301 0.976 1.180 
1.301 0.976 1.179 
1.301 0.975 1.179 
1.300 0.975 1.179 
1.300 0.975 1.179 
1.300 0.975 1.179 
1.300 0.975 1.179 
1.300 0.975 1.179 
1.299 0.975 1.179 
1.299 0.975 1.178 
1.299 0.974 1.178 
1.299 0.974 1.178 
1.299 0.974 1.178 
1.298 0.974 1.178 
1.298 0.974 1.178 
1.298 0.974 1.178 
1.298 0.974 1.177 
1.298 0.974 1.177 
1.297 0.974 1.177 
1.297 0.973 1.177 
1.297 0.973 1.177 
1.297 0.973 1.177 
1.297 0.973 1.177 
1.296 0.973 1.177 
1.296 0.973 1.176 
1.296 0.973 1.176 
1.296 0.973 1.176 
1.296 0.973 1.176 
1.295 0.972 1.176 
1.295 0.972 1.176 
1.295 0.972 1.176 
1.295 0.972 1.175 
1.294 0.972 1.175 
1.294 0.972 1.175 
1.294 0.972 1.175 
1.294 0.972 1.175 
1.294 0.972 1.175 
1.293 0.971 1.175 
1.293 0.971 1.175 
1.293 0.971 1.174 
1.293 0.971 1.174 
1.293 0.971 1.174 
1.292 0.971 1.174 
1.292 0.971 1.174 
1.292 0.971 1.174 
1.292 0.970 1.174 
1.292 0.970 1.173 
1.291 0.970 1.173 
1.291 0.970 1.173 
1.291 0.970 1.173 
1.291 0.970 1.173 
1.291 0.970 1.173 
1.290 0.970 1.173 
1.290 0.970 1.173 
1.290 0.969 1.172 
1.290 0.969 1.172 
1.290 0.969 1.172 
1.289 0.969 1.172 
1.289 0.969 1.172 
1.289 0.969 1.172 
1.289 0.969 1.172 
1.289 0.969 1.171 
1.288 0.969 1.171 
1.288 0.968 1.171 
1.288 0.968 1.171 
1.288 0.968 1.171 
1.288 0.968 1.171 
1.287 0.968 1.171 
1.287 0.968 1.171 
1.287 0.968 1.170 
1.287 0.968 1.170 
1.287 0.968 1.170 
1.286 0.967 1.170 
1.286 0.967 1.170 
1.286 0.967 1.170 
1.286 0.967 1.170 
1.286 0.967 1.169 
1.285 0.967 1.169 
1.285 0.967 1.169 
1.285 0.967 1.169 
1.285 0.967 1.169 
1.285 0.966 1.169 
1.284 0.966 1.169 
1.284 0.966 1.168 
1.284 0.966 1.168 
1.284 0.966 1.168 
1.283 0.966 1.168 
1.283 0.966 1.168 
1.283 0.966 1.168 
1.283 0.965 1.168 
1.283 0.965 1.168 
1.282 0.965 1.167 
1.282 0.965 1.167 
1.282 0.965 1.167 
1.282 0.965 1.167 
1.282 0.965 1.167 
1.281 0.965 1.167 
1.281 0.965 1.167 
1.281 0.964 1.166 
1.281 0.964 1.166 
1.281 0.964 1.166 
1.280 0.964 1.166 
1.280 0.964 1.166 
1.280 0.964 1.166 
1.280 0.964 1.166 
1.280 0.964 1.165 
1.279 0.964 1.165 
1.279 0.963 1.165 
1.279 0.963 1.165 
1.279 0.963 1.165 
1.279 0.963 1.165 
1.278 0.963 1.165 
1.278 0.963 1.165 
1.278 0.963 1.164 
1.278 0.963 1.164 
1.278 0.963 1.164 
1.277 0.962 1.164 
1.277 0.962 1.164 
1.277 0.962 1.164 
1.277 0.962 1.164 
1.277 0.962 1.163 
1.276 0.962 1.163 
1.276 0.962 1.163 
1.276 0.962 1.163 
1.276 0.961 1.163 
1.275 0.961 1.163 
1.275 0.961 1.163 
1.275 0.961 1.162 
1.275 0.961 1.162 
1.275 0.961 1.162 
1.274 0.961 1.162 
1.274 0.961 1.162 
1.274 0.961 1.162 
1.274 0.960 1.162 
1.274 0.960 1.161 
1.273 0.960 1.161 
1.273 0.960 1.161 
1.273 0.960 1.161 
1.273 0.960 1.161 
1.273 0.960 1.161 
1.272 0.960 1.161 
1.272 0.960 1.161 
1.272 0.959 1.160 
1.272 0.959 1.160 
1.272 0.959 1.160 
1.271 0.959 1.160 
1.271 0.959 1.160 
1.271 0.959 1.160 
1.271 0.959 1.160 
1.271 0.959 1.159 
1.270 0.959 1.159 
1.270 0.958 1.159 
1.270 0.958 1.159 
1.270 0.958 1.159 
1.269 0.958 1.159 
1.269 0.958 1.159 
1.269 0.958 1.158 
1.269 0.958 1.158 
1.269 0.958 1.158 
1.268 0.958 1.158 
1.268 0.957 1.158 
1.268 0.957 1.158 
1.268 0.957 1.158 
1.268 0.957 1.157 
1.267 0.957 1.157 
1.267 0.957 1.157 
1.267 0.957 1.157 
1.267 0.957 1.157 
1.267 0.956 1.157 
1.266 0.956 1.157 
1.266 0.956 1.156 
1.266 0.956 1.156 
1.266 0.956 1.156 
1.266 0.956 1.156 
1.265 0.956 1.156 
1.265 0.956 1.156 
1.265 0.956 1.156 
1.265 0.955 1.156 
1.265 0.955 1.155 
1.264 0.955 1.155 
1.264 0.955 1.155 
1.264 0.955 1.155 
1.264 0.955 1.155 
1.263 0.955 1.155 
1.263 0.955 1.155 
1.263 0.955 1.154 
1.263 0.954 1.154 
1.263 0.954 1.154 
1.262 0.954 1.154 
1.262 0.954 1.154 
1.262 0.954 1.154 
1.262 0.954 1.154 
1.262 0.954 1.153 
1.261 0.954 1.153 
1.261 0.954 1.153 
1.261 0.953 1.153 
1.261 0.953 1.153 
1.261 0.953 1.153 
1.260 0.953 1.153 
1.260 0.953 1.152 
1.260 0.953 1.152 
1.260 0.953 1.152 
1.260 0.953 1.152 
1.259 0.953 1.152 
1.259 0.952 1.152 
1.259 0.952 1.152 
1.259 0.952 1.151 
1.259 0.952 1.151 
1.258 0.952 1.151 
1.258 0.952 1.151 
1.258 0.952 1.151 
1.258 0.952 1.151 
1.257 0.951 1.151 
1.257 0.951 1.150 
1.257 0.951 1.150 
1.257 0.951 1.150 
1.257 0.951 1.150 
1.256 0.951 1.150 
1.256 0.951 1.150 
1.256 0.951 1.150 
1.256 0.951 1.149 
1.256 0.950 1.149 
1.255 0.950 1.149 
1.255 0.950 1.149 
1.255 0.950 1.149 
1.255 0.950 1.149 
1.255 0.950 1.149 
1.254 0.950 1.149 
1.254 0.950 1.148 
1.254 0.950 1.148 
1.254 0.949 1.148 
1.254 0.949 1.148 
1.253 0.949 1.148 
1.253 0.949 1.148 
1.253 0.949 1.148 
1.253 0.949 1.147 
1.252 0.949 1.147 
1.252 0.949 1.147 
1.252 0.949 1.147 
1.252 0.948 1.147 
1.252 0.948 1.147 
1.251 0.948 1.147 
1.251 0.948 1.146 
1.251 0.948 1.146 
1.251 0.948 1.146 
1.251 0.948 1.146 
1.250 0.948 1.146 
1.250 0.948 1.146 
1.250 0.947 1.146 
1.250 0.947 1.145 
1.250 0.947 1.145 
1.249 0.947 1.145 
1.249 0.947 1.145 
1.249 0.947 1.145 
1.249 0.947 1.145 
1.249 0.947 1.145 
1.248 0.946 1.144 
1.248 0.946 1.144 
1.248 0.946 1.144 
1.248 0.946 1.144 
1.247 0.946 1.144 
1.247 0.946 1.144 
1.247 0.946 1.144 
1.247 0.946 1.143 
1.247 0.946 1.143 
1.246 0.945 1.143 
1.246 0.945 1.143 
1.246 0.945 1.143 
1.246 0.945 1.143 
1.246 0.945 1.143 
1.245 0.945 1.142 
1.245 0.945 1.142 
1.245 0.945 1.142 
1.245 0.945 1.142 
1.245 0.944 1.142 
1.244 0.944 1.142 
1.244 0.944 1.142 
1.244 0.944 1.141 
1.244 0.944 1.141 
1.244 0.944 1.141 
1.243 0.944 1.141 
1.243 0.944 1.141 
1.243 0.944 1.141 
1.243 0.943 1.141 
1.242 0.943 1.140 
1.242 0.943 1.140 
1.242 0.943 1.140 
1.242 0.943 1.140 
1.242 0.943 1.140 
1.241 0.943 1.140 
1.241 0.943 1.140 
1.241 0.943 1.139 
1.241 0.942 1.139 
1.241 0.942 1.139 
1.240 0.942 1.139 
1.240 0.942 1.139 
1.240 0.942 1.139 
1.240 0.942 1.139 
1.240 0.942 1.138 
1.239 0.942 1.138 
1.239 0.942 1.138 
1.239 0.941 1.138 
1.239 0.941 1.138 
1.239 0.941 1.138 
1.238 0.941 1.138 
1.238 0.941 1.137 
1.238 0.941 1.137 
1.238 0.941 1.137 
1.237 0.941 1.137 
1.237 0.940 1.137 
1.237 0.940 1.137 
1.237 0.940 1.137 
1.237 0.940 1.136 
1.236 0.940 1.136 
1.236 0.940 1.136 
1.236 0.940 1.136 
1.236 0.940 1.136 
1.236 0.940 1.136 
1.235 0.939 1.136 
1.235 0.939 1.135 
1.235 0.939 1.135 
1.235 0.939 1.135 
1.235 0.939 1.135 
1.234 0.939 1.135 
1.234 0.939 1.135 
1.234 0.939 1.135 
1.234 0.939 1.134 
1.233 0.938 1.134 
1.233 0.938 1.134 
1.233 0.938 1.134 
1.233 0.938 1.134 
1.233 0.938 1.134 
1.232 0.938 1.134 
1.232 0.938 1.133 
1.232 0.938 1.133 
1.232 0.938 1.133 
1.232 0.937 1.133 
1.231 0.937 1.133 
1.231 0.937 1.133 
1.231 0.937 1.133 
1.231 0.937 1.132 
1.231 0.937 1.132 
1.230 0.937 1.132 
1.230 0.937 1.132 
1.230 0.937 1.132 
1.230 0.936 1.132 
1.230 0.936 1.132 
1.229 0.936 1.131 
1.229 0.936 1.131 
1.229 0.936 1.131 
1.229 0.936 1.131 
1.228 0.936 1.131 
1.228 0.936 1.131 
1.228 0.936 1.131 
1.228 0.935 1.130 
1.228 0.935 1.130 
1.227 0.935 1.130 
1.227 0.935 1.130 
1.227 0.935 1.130 
1.227 0.935 1.130 
1.227 0.935 1.130 
1.226 0.935 1.129 
1.226 0.935 1.129 
1.226 0.934 1.129 
1.226 0.934 1.129 
1.226 0.934 1.129 
1.225 0.934 1.129 
1.225 0.934 1.129 
1.225 0.934 1.128 
1.225 0.934 1.128 
1.225 0.934 1.128 
1.224 0.934 1.128 
1.224 0.933 1.128 
1.224 0.933 1.128 
1.224 0.933 1.128 
1.223 0.933 1.127 
1.223 0.933 1.127 
1.223 0.933 1.127 
1.223 0.933 1.127 
1.223 0.933 1.127 
1.222 0.933 1.127 
1.222 0.932 1.127 
1.222 0.932 1.126 
1.222 0.932 1.126 
1.222 0.932 1.126 
1.221 0.932 1.126 
1.221 0.932 1.126 
1.221 0.932 1.126 
1.221 0.932 1.126 
1.221 0.932 1.125 
1.220 0.931 1.125 
1.220 0.931 1.125 
1.220 0.931 1.125 
1.220 0.931 1.125 
1.219 0.931 1.125 
1.219 0.931 1.125 
1.219 0.931 1.124 
1.219 0.931 1.124 
1.219 0.931 1.124 
1.218 0.930 1.124 
1.218 0.930 1.124 
1.218 0.930 1.124 
1.218 0.930 1.124 
1.218 0.930 1.123 
1.217 0.930 1.123 
1.217 0.930 1.123 
1.217 0.930 1.123 
1.217 0.930 1.123 
1.217 0.929 1.123 
1.216 0.929 1.123 
1.216 0.929 1.122 
1.216 0.929 1.122 
1.216 0.929 1.122 
1.216 0.929 1.122 
1.215 0.929 1.122 
1.215 0.929 1.122 
1.215 0.929 1.122 
1.215 0.928 1.121 
1.214 0.928 1.121 
1.214 0.928 1.121 
1.214 0.928 1.121 
1.214 0.928 1.121 
1.214 0.928 1.121 
1.213 0.928 1.121 
1.213 0.928 1.120 
1.213 0.928 1.120 
1.213 0.927 1.120 
1.213 0.927 1.120 
1.212 0.927 1.120 
1.212 0.927 1.120 
1.212 0.927 1.119 
1.212 0.927 1.119 
1.212 0.927 1.119 
1.211 0.927 1.119 
1.211 0.927 1.119 
1.211 0.926 1.119 
1.211 0.926 1.119 
1.210 0.926 1.118 
1.210 0.926 1.118 
1.210 0.926 1.118 
1.210 0.926 1.118 
1.210 0.926 1.118 
1.209 0.926 1.118 
1.209 0.926 1.118 
1.209 0.925 1.117 
1.209 0.925 1.117 
1.209 0.925 1.117 
1.208 0.925 1.117 
1.208 0.925 1.117 
1.208 0.925 1.117 
1.208 0.925 1.117 
1.208 0.925 1.116 
1.207 0.925 1.116 
1.207 0.924 1.116 
1.207 0.924 1.116 
1.207 0.924 1.116 
1.207 0.924 1.116 
1.206 0.924 1.116 
1.206 0.924 1.115 
1.206 0.924 1.115 
1.206 0.924 1.115 
1.205 0.924 1.115 
1.205 0.923 1.115 
1.205 0.923 1.115 
1.205 0.923 1.115 
1.205 0.923 1.114 
1.204 0.923 1.114 
1.204 0.923 1.114 
1.204 0.923 1.114 
1.204 0.923 1.114 
1.204 0.923 1.114 
1.203 0.922 1.114 
1.203 0.922 1.113 
1.203 0.922 1.113 
1.203 0.922 1.113 
1.203 0.922 1.113 
1.202 0.922 1.113 
1.202 0.922 1.113 
1.202 0.922 1.113 
1.202 0.922 1.112 
1.201 0.921 1.112 
1.201 0.921 1.112 
1.201 0.921 1.112 
1.201 0.921 1.112 
1.201 0.921 1.112 
1.200 0.921 1.112 
1.200 0.921 1.111 
1.200 0.921 1.111 
1.200 0.921 1.111 
1.200 0.920 1.111 
1.199 0.920 1.111 
1.199 0.920 1.111 
1.199 0.920 1.111 
1.199 0.920 1.110 
1.199 0.920 1.110 
1.198 0.920 1.110 
1.198 0.920 1.110 
1.198 0.920 1.110 
1.198 0.919 1.110 
1.198 0.919 1.110 
1.197 0.919 1.109 
1.197 0.919 1.109 
1.197 0.919 1.109 
1.197 0.919 1.109 
1.196 0.919 1.109 
1.196 0.919 1.109 
1.196 0.919 1.108 
1.196 0.918 1.108 
1.196 0.918 1.108 
1.195 0.918 1.108 
1.195 0.918 1.108 
1.195 0.918 1.108 
1.195 0.918 1.108 
1.195 0.918 1.107 
1.194 0.918 1.107 
1.194 0.918 1.107 
1.194 0.917 1.107 
1.194 0.917 1.107 
1.194 0.917 1.107 
1.193 0.917 1.107 
1.193 0.917 1.106 
1.193 0.917 1.106 
1.193 0.917 1.106 
1.193 0.917 1.106 
1.192 0.917 1.106 
1.192 0.916 1.106 
1.192 0.916 1.106 
1.192 0.916 1.105 
1.191 0.916 1.105 
1.191 0.916 1.105 
1.191 0.916 1.105 
1.191 0.916 1.105 
1.191 0.916 1.105 
1.190 0.916 1.105 
1.190 0.915 1.104 
1.190 0.915 1.104 
1.190 0.915 1.104 
1.190 0.915 1.104 
1.189 0.915 1.104 
1.189 0.915 1.104 
1.189 0.915 1.104 
1.189 0.915 1.103 
1.189 0.915 1.103 
1.188 0.914 1.103 
1.188 0.914 1.103 
1.188 0.914 1.103 
1.188 0.914 1.103 
1.188 0.914 1.103 
1.187 0.914 1.102 
1.187 0.914 1.102 
1.187 0.914 1.102 
1.187 0.914 1.102 
1.186 0.914 1.102 
1.186 0.913 1.102 
1.186 0.913 1.102 
1.186 0.913 1.101 
1.186 0.913 1.101 
1.185 0.913 1.101 
1.185 0.913 1.101 
1.185 0.913 1.101 
1.185 0.913 1.101 
1.185 0.913 1.101 
1.184 0.912 1.100 
1.184 0.912 1.100 
1.184 0.912 1.100 
1.184 0.912 1.100 
1.184 0.912 1.100 
1.183 0.912 1.100 
1.183 0.912 1.100 
1.183 0.912 1.099 
1.183 0.912 1.099 
1.183 0.911 1.099 
1.182 0.911 1.099 
1.182 0.911 1.099 
1.182 0.911 1.099 
1.182 0.911 1.098 
1.181 0.911 1.098 
1.181 0.911 1.098 
1.181 0.911 1.098 
1.181 0.911 1.098 
1.181 0.910 1.098 
1.180 0.910 1.098 
1.180 0.910 1.097 
1.180 0.910 1.097 
1.180 0.910 1.097 
1.180 0.910 1.097 
1.179 0.910 1.097 
1.179 0.910 1.097 
1.179 0.910 1.097 
1.179 0.909 1.096 
1.179 0.909 1.096 
1.178 0.909 1.096 
1.178 0.909 1.096 
1.178 0.909 1.096 
1.178 0.909 1.096 
1.178 0.909 1.096 
1.177 0.909 1.095 
1.177 0.909 1.095 
1.177 0.909 1.095 
1.177 0.908 1.095 
1.177 0.908 1.095 
1.176 0.908 1.095 
1.176 0.908 1.095 
1.176 0.908 1.094 
1.176 0.908 1.094 
1.175 0.908 1.094 
1.175 0.908 1.094 
1.175 0.908 1.094 
1.175 0.907 1.094 
1.175 0.907 1.094 
1.174 0.907 1.093 
1.174 0.907 1.093 
1.174 0.907 1.093 
1.174 0.907 1.093 
1.174 0.907 1.093 
1.173 0.907 1.093 
1.173 0.907 1.093 
1.173 0.906 1.092 
1.173 0.906 1.092 
1.173 0.906 1.092 
1.172 0.906 1.092 
1.172 0.906 1.092 
1.172 0.906 1.092 
1.172 0.906 1.092 
1.172 0.906 1.091 
1.171 0.906 1.091 
1.171 0.905 1.091 
1.171 0.905 1.091 
1.171 0.905 1.091 
1.170 0.905 1.091 
1.170 0.905 1.091 
1.170 0.905 1.090 
1.170 0.905 1.090 
1.170 0.905 1.090 
1.169 0.905 1.090 
1.169 0.905 1.090 
1.169 0.904 1.090 
1.169 0.904 1.089 
1.169 0.904 1.089 
1.168 0.904 1.089 
1.168 0.904 1.089 
1.168 0.904 1.089 
1.168 0.904 1.089 
1.168 0.904 1.089 
1.167 0.904 1.088 
1.167 0.903 1.088 
1.167 0.903 1.088 
1.167 0.903 1.088 
1.167 0.903 1.088 
1.166 0.903 1.088 
1.166 0.903 1.088 
1.166 0.903 1.087 
1.166 0.903 1.087 
1.166 0.903 1.087 
1.165 0.902 1.087 
1.165 0.902 1.087 
1.165 0.902 1.087 
1.165 0.902 1.087 
1.165 0.902 1.086 
1.164 0.902 1.086 
1.164 0.902 1.086 
1.164 0.902 1.086 
1.164 0.902 1.086 
1.163 0.902 1.086 
1.163 0.901 1.086 
1.163 0.901 1.085 
1.163 0.901 1.085 
1.163 0.901 1.085 
1.162 0.901 1.085 
1.162 0.901 1.085 
1.162 0.901 1.085 
1.162 0.901 1.085 
1.162 0.901 1.084 
1.161 0.900 1.084 
1.161 0.900 1.084 
1.161 0.900 1.084 
1.161 0.900 1.084 
1.161 0.900 1.084 
1.160 0.900 1.084 
1.160 0.900 1.083 
1.160 0.900 1.083 
1.160 0.900 1.083 
1.160 0.900 1.083 
1.159 0.899 1.083 
1.159 0.899 1.083 
1.159 0.899 1.083 
1.159 0.899 1.082 
1.159 0.899 1.082 
1.158 0.899 1.082 
1.158 0.899 1.082 
1.158 0.899 1.082 
1.158 0.899 1.082 
1.157 0.898 1.082 
1.157 0.898 1.081 
1.157 0.898 1.081 
1.157 0.898 1.081 
1.157 0.898 1.081 
1.156 0.898 1.081 
1.156 0.898 1.081 
1.156 0.898 1.081 
1.156 0.898 1.080 
1.156 0.897 1.080 
1.155 0.897 1.080 
1.155 0.897 1.080 
1.155 0.897 1.080 
1.155 0.897 1.080 
1.155 0.897 1.080 
1.154 0.897 1.079 
1.154 0.897 1.079 
1.154 0.897 1.079 
1.154 0.897 1.079 
1.154 0.896 1.079 
1.153 0.896 1.079 
1.153 0.896 1.078 
1.153 0.896 1.078 
1.153 0.896 1.078 
1.153 0.896 1.078 
1.152 0.896 1.078 
1.152 0.896 1.078 
1.152 0.896 1.078 
1.152 0.895 1.077 
1.152 0.895 1.077 
1.151 0.895 1.077 
1.151 0.895 1.077 
1.151 0.895 1.077 
1.151 0.895 1.077 
1.151 0.895 1.077 
1.150 0.895 1.076 
1.150 0.895 1.076 
1.150 0.895 1.076 
1.150 0.894 1.076 
1.149 0.894 1.076 
1.149 0.894 1.076 
1.149 0.894 1.076 
1.149 0.894 1.075 
1.149 0.894 1.075 
1.148 0.894 1.075 
1.148 0.894 1.075 
1.148 0.894 1.075 
1.148 0.893 1.075 
1.148 0.893 1.075 
1.147 0.893 1.074 
1.147 0.893 1.074 
1.147 0.893 1.074 
1.147 0.893 1.074 
1.147 0.893 1.074 
1.146 0.893 1.074 
1.146 0.893 1.074 
1.146 0.893 1.073 
1.146 0.892 1.073 
1.146 0.892 1.073 
1.145 0.892 1.073 
1.145 0.892 1.073 
1.145 0.892 1.073 
1.145 0.892 1.073 
1.145 0.892 1.072 
1.144 0.892 1.072 
1.144 0.892 1.072 
1.144 0.891 1.072 
1.144 0.891 1.072 
1.144 0.891 1.072 
1.143 0.891 1.072 
1.143 0.891 1.071 
1.143 0.891 1.071 
1.143 0.891 1.071 
1.143 0.891 1.071 
1.142 0.891 1.071 
1.142 0.891 1.071 
1.142 0.890 1.071 
1.142 0.890 1.070 
1.142 0.890 1.070 
1.141 0.890 1.070 
1.141 0.890 1.070 
1.141 0.890 1.070 
1.141 0.890 1.070 
1.141 0.890 1.070 
1.140 0.890 1.069 
1.140 0.890 1.069 
1.140 0.889 1.069 
1.140 0.889 1.069 
1.139 0.889 1.069 
1.139 0.889 1.069 
1.139 0.889 1.069 
1.139 0.889 1.068 
1.139 0.889 1.068 
1.138 0.889 1.068 
1.138 0.889 1.068 
1.138 0.888 1.068 
1.138 0.888 1.068 
1.138 0.888 1.068 
1.137 0.888 1.067 
1.137 0.888 1.067 
1.137 0.888 1.067 
1.137 0.888 1.067 
1.137 0.888 1.067 
1.136 0.888 1.067 
1.136 0.888 1.067 
1.136 0.887 1.066 
1.136 0.887 1.066 
1.136 0.887 1.066 
1.135 0.887 1.066 
1.135 0.887 1.066 
1.135 0.887 1.066 
1.135 0.887 1.066 
1.135 0.887 1.065 
1.134 0.887 1.065 
1.134 0.886 1.065 
1.134 0.886 1.065 
1.134 0.886 1.065 
1.134 0.886 1.065 
1.133 0.886 1.065 
1.133 0.886 1.064 
1.133 0.886 1.064 
1.133 0.886 1.064 
1.133 0.886 1.064 
1.132 0.886 1.064 
1.132 0.885 1.064 
1.132 0.885 1.064 
1.132 0.885 1.063 
1.132 0.885 1.063 
1.131 0.885 1.063 
1.131 0.885 1.063 
1.131 0.885 1.063 
1.131 0.885 1.063 
1.131 0.885 1.063 
1.130 0.885 1.062 
1.130 0.884 1.062 
1.130 0.884 1.062 
1.130 0.884 1.062 
1.130 0.884 1.062 
1.129 0.884 1.062 
1.129 0.884 1.062 
1.129 0.884 1.061 
1.129 0.884 1.061 
1.129 0.884 1.061 
1.128 0.884 1.061 
1.128 0.883 1.061 
1.128 0.883 1.061 
1.128 0.883 1.061 
1.128 0.883 1.060 
1.127 0.883 1.060 
1.127 0.883 1.060 
1.127 0.883 1.060 
1.127 0.883 1.060 
1.127 0.883 1.060 
1.126 0.882 1.060 
1.126 0.882 1.059 
1.126 0.882 1.059 
1.126 0.882 1.059 
1.126 0.882 1.059 
1.125 0.882 1.059 
1.125 0.882 1.059 
1.125 0.882 1.059 
1.125 0.882 1.058 
1.125 0.882 1.058 
1.124 0.881 1.058 
1.124 0.881 1.058 
1.124 0.881 1.058 
1.124 0.881 1.058 
1.124 0.881 1.058 
1.123 0.881 1.057 
1.123 0.881 1.057 
1.123 0.881 1.057 
1.123 0.881 1.057 
1.123 0.881 1.057 
1.122 0.880 1.057 
1.122 0.880 1.057 
1.122 0.880 1.056 
1.122 0.880 1.056 
1.121 0.880 1.056 
1.121 0.880 1.056 
1.121 0.880 1.056 
1.121 0.880 1.056 
1.121 0.880 1.056 
1.120 0.880 1.055 
1.120 0.879 1.055 
1.120 0.879 1.055 
1.120 0.879 1.055 
1.120 0.879 1.055 
1.119 0.879 1.055 
1.119 0.879 1.055 
1.119 0.879 1.054 
1.119 0.879 1.054 
1.119 0.879 1.054 
1.118 0.879 1.054 
1.118 0.878 1.054 
1.118 0.878 1.054 
1.118 0.878 1.054 
1.118 0.878 1.053 
1.117 0.878 1.053 
1.117 0.878 1.053 
1.117 0.878 1.053 
1.117 0.878 1.053 
1.117 0.878 1.053 
1.116 0.877 1.053 
1.116 0.877 1.052 
1.116 0.877 1.052 
1.116 0.877 1.052 
1.116 0.877 1.052 
1.115 0.877 1.052 
1.115 0.877 1.052 
1.115 0.877 1.052 
1.115 0.877 1.051 
1.115 0.877 1.051 
1.114 0.876 1.051 
1.114 0.876 1.051 
1.114 0.876 1.051 
1.114 0.876 1.051 
1.114 0.876 1.051 
1.113 0.876 1.050 
1.113 0.876 1.050 
1.113 0.876 1.050 
1.113 0.876 1.050 
1.113 0.876 1.050 
1.112 0.875 1.050 
1.112 0.875 1.050 
1.112 0.875 1.049 
1.112 0.875 1.049 
1.112 0.875 1.049 
1.111 0.875 1.049 
1.111 0.875 1.049 
1.111 0.875 1.049 
1.111 0.875 1.049 
1.111 0.875 1.048 
1.110 0.874 1.048 
1.110 0.874 1.048 
1.110 0.874 1.048 
1.110 0.874 1.048 
1.110 0.874 1.048 
1.110 0.874 1.048 
1.109 0.874 1.047 
1.109 0.874 1.047 
1.109 0.874 1.047 
1.109 0.874 1.047 
1.109 0.873 1.047 
1.108 0.873 1.047 
1.108 0.873 1.047 
1.108 0.873 1.046 
1.108 0.873 1.046 
1.108 0.873 1.046 
1.107 0.873 1.046 
1.107 0.873 1.046 
1.107 0.873 1.046 
1.107 0.873 1.046 
1.107 0.872 1.045 
1.106 0.872 1.045 
1.106 0.872 1.045 
1.106 0.872 1.045 
1.106 0.872 1.045 
1.106 0.872 1.045 
1.105 0.872 1.045 
1.105 0.872 1.044 
1.105 0.872 1.044 
1.105 0.872 1.044 
1.105 0.871 1.044 
1.104 0.871 1.044 
1.104 0.871 1.044 
1.104 0.871 1.044 
1.104 0.871 1.043 
1.104 0.871 1.043 
1.103 0.871 1.043 
1.103 0.871 1.043 
1.103 0.871 1.043 
1.103 0.871 1.043 
1.103 0.870 1.043 
1.102 0.870 1.042 
1.102 0.870 1.042 
1.102 0.870 1.042 
1.102 0.870 1.042 
1.102 0.870 1.042 
1.101 0.870 1.042 
1.101 0.870 1.042 
1.101 0.870 1.041 
1.101 0.870 1.041 
1.101 0.869 1.041 
1.100 0.869 1.041 
1.100 0.869 1.041 
1.100 0.869 1.041 
1.100 0.869 1.041 
1.100 0.869 1.040 
1.099 0.869 1.040 
1.099 0.869 1.040 
1.099 0.869 1.040 
1.099 0.869 1.040 
1.099 0.868 1.040 
1.098 0.868 1.040 
1.098 0.868 1.040 
1.098 0.868 1.039 
1.098 0.868 1.039 
1.098 0.868 1.039 
1.097 0.868 1.039 
1.097 0.868 1.039 
1.097 0.868 1.039 
1.097 0.868 1.039 
1.097 0.867 1.038 
1.096 0.867 1.038 
1.096 0.867 1.038 
1.096 0.867 1.038 
1.096 0.867 1.038 
1.096 0.867 1.038 
1.095 0.867 1.038 
1.095 0.867 1.037 
1.095 0.867 1.037 
1.095 0.867 1.037 
1.095 0.867 1.037 
1.094 0.866 1.037 
1.094 0.866 1.037 
1.094 0.866 1.037 
1.094 0.866 1.036 
1.094 0.866 1.036 
1.093 0.866 1.036 
1.093 0.866 1.036 
1.093 0.866 1.036 
1.093 0.866 1.036 
1.093 0.866 1.036 
1.093 0.865 1.035 
1.092 0.865 1.035 
1.092 0.865 1.035 
1.092 0.865 1.035 
1.092 0.865 1.035 
1.092 0.865 1.035 
1.091 0.865 1.035 
1.091 0.865 1.034 
1.091 0.865 1.034 
1.091 0.865 1.034 
1.091 0.864 1.034 
1.090 0.864 1.034 
1.090 0.864 1.034 
1.090 0.864 1.034 
1.090 0.864 1.033 
1.090 0.864 1.033 
1.089 0.864 1.033 
1.089 0.864 1.033 
1.089 0.864 1.033 
1.089 0.864 1.033 
1.089 0.863 1.033 
1.088 0.863 1.032 
1.088 0.863 1.032 
1.088 0.863 1.032 
1.088 0.863 1.032 
1.088 0.863 1.032 
1.087 0.863 1.032 
1.087 0.863 1.032 
1.087 0.863 1.032 
1.087 0.863 1.031 
1.087 0.863 1.031 
1.086 0.862 1.031 
1.086 0.862 1.031 
1.086 0.862 1.031 
1.086 0.862 1.031 
1.086 0.862 1.031 
1.085 0.862 1.030 
1.085 0.862 1.030 
1.085 0.862 1.030 
1.085 0.862 1.030 
1.085 0.862 1.030 
1.085 0.861 1.030 
1.084 0.861 1.030 
1.084 0.861 1.029 
1.084 0.861 1.029 
1.084 0.861 1.029 
1.084 0.861 1.029 
1.083 0.861 1.029 
1.083 0.861 1.029 
1.083 0.861 1.029 
1.083 0.861 1.028 
1.083 0.860 1.028 
1.082 0.860 1.028 
1.082 0.860 1.028 
1.082 0.860 1.028 
1.082 0.860 1.028 
1.082 0.860 1.028 
1.081 0.860 1.027 
1.081 0.860 1.027 
1.081 0.860 1.027 
1.081 0.860 1.027 
1.081 0.860 1.027 
1.080 0.859 1.027 
1.080 0.859 1.027 
1.080 0.859 1.027 
1.080 0.859 1.026 
1.080 0.859 1.026 
1.079 0.859 1.026 
1.079 0.859 1.026 
1.079 0.859 1.026 
1.079 0.859 1.026 
1.079 0.859 1.026 
1.079 0.858 1.025 
1.078 0.858 1.025 
1.078 0.858 1.025 
1.078 0.858 1.025 
1.078 0.858 1.025 
1.078 0.858 1.025 
1.077 0.858 1.025 
1.077 0.858 1.024 
1.077 0.858 1.024 
1.077 0.858 1.024 
1.077 0.857 1.024 
1.076 0.857 1.024 
1.076 0.857 1.024 
1.076 0.857 1.024 
1.076 0.857 1.023 
1.076 0.857 1.023 
1.075 0.857 1.023 
1.075 0.857 1.023 
1.075 0.857 1.023 
1.075 0.857 1.023 
1.075 0.857 1.023 
1.074 0.856 1.022 
1.074 0.856 1.022 
1.074 0.856 1.022 
1.074 0.856 1.022 
1.074 0.856 1.022 
1.073 0.856 1.022 
1.073 0.856 1.022 
1.073 0.856 1.022 
1.073 0.856 1.021 
1.073 0.856 1.021 
1.073 0.855 1.021 
1.072 0.855 1.021 
1.072 0.855 1.021 
1.072 0.855 1.021 
1.072 0.855 1.021 
1.072 0.855 1.020 
1.071 0.855 1.020 
1.071 0.855 1.020 
1.071 0.855 1.020 
1.071 0.855 1.020 
1.071 0.855 1.020 
1.070 0.854 1.020 
1.070 0.854 1.019 
1.070 0.854 1.019 
1.070 0.854 1.019 
1.070 0.854 1.019 
1.069 0.854 1.019 
1.069 0.854 1.019 
1.069 0.854 1.019 
1.069 0.854 1.018 
1.069 0.854 1.018 
1.069 0.853 1.018 
1.068 0.853 1.018 
1.068 0.853 1.018 
1.068 0.853 1.018 
1.068 0.853 1.018 
1.068 0.853 1.018 
1.067 0.853 1.017 
1.067 0.853 1.017 
1.067 0.853 1.017 
1.067 0.853 1.017 
1.067 0.853 1.017 
1.066 0.852 1.017 
1.066 0.852 1.017 
1.066 0.852 1.016 
1.066 0.852 1.016 
1.066 0.852 1.016 
1.065 0.852 1.016 
1.065 0.852 1.016 
1.065 0.852 1.016 
1.065 0.852 1.016 
1.065 0.852 1.015 
1.065 0.852 1.015 
1.064 0.851 1.015 
1.064 0.851 1.015 
1.064 0.851 1.015 
1.064 0.851 1.015 
1.064 0.851 1.015 
1.063 0.851 1.015 
1.063 0.851 1.014 
1.063 0.851 1.014 
1.063 0.851 1.014 
1.063 0.851 1.014 
1.062 0.850 1.014 
1.062 0.850 1.014 
1.062 0.850 1.014 
1.062 0.850 1.013 
1.062 0.850 1.013 
1.061 0.850 1.013 
1.061 0.850 1.013 
1.061 0.850 1.013 
1.061 0.850 1.013 
1.061 0.850 1.013 
1.061 0.850 1.012 
1.060 0.849 1.012 
1.060 0.849 1.012 
1.060 0.849 1.012 
1.060 0.849 1.012 
1.060 0.849 1.012 
1.059 0.849 1.012 
1.059 0.849 1.012 
1.059 0.849 1.011 
1.059 0.849 1.011 
1.059 0.849 1.011 
1.058 0.849 1.011 
1.058 0.848 1.011 
1.058 0.848 1.011 
1.058 0.848 1.011 
1.058 0.848 1.010 
1.057 0.848 1.010 
1.057 0.848 1.010 
1.057 0.848 1.010 
1.057 0.848 1.010 
1.057 0.848 1.010 
1.057 0.848 1.010 
1.056 0.847 1.009 
1.056 0.847 1.009 
1.056 0.847 1.009 
1.056 0.847 1.009 
1.056 0.847 1.009 
1.055 0.847 1.009 
1.055 0.847 1.009 
1.055 0.847 1.009 
1.055 0.847 1.008 
1.055 0.847 1.008 
1.054 0.847 1.008 
1.054 0.846 1.008 
1.054 0.846 1.008 
1.054 0.846 1.008 
1.054 0.846 1.008 
1.054 0.846 1.007 
1.053 0.846 1.007 
1.053 0.846 1.007 
1.053 0.846 1.007 
1.053 0.846 1.007 
1.053 0.846 1.007 
1.052 0.846 1.007 
1.052 0.845 1.007 
1.052 0.845 1.006 
1.052 0.845 1.006 
1.052 0.845 1.006 
1.051 0.845 1.006 
1.051 0.845 1.006 
1.051 0.845 1.006 
1.051 0.845 1.006 
1.051 0.845 1.005 
1.051 0.845 1.005 
1.050 0.845 1.005 
1.050 0.844 1.005 
1.050 0.844 1.005 
1.050 0.844 1.005 
1.050 0.844 1.005 
1.049 0.844 1.004 
1.049 0.844 1.004 
1.049 0.844 1.004 
1.049 0.844 1.004 
1.049 0.844 1.004 
1.048 0.844 1.004 
1.048 0.844 1.004 
1.048 0.843 1.004 
1.048 0.843 1.003 
1.048 0.843 1.003 
1.048 0.843 1.003 
1.047 0.843 1.003 
1.047 0.843 1.003 
1.047 0.843 1.003 
1.047 0.843 1.003 
1.047 0.843 1.002 
1.046 0.843 1.002 
1.046 0.843 1.002 
1.046 0.842 1.002 
1.046 0.842 1.002 
1.046 0.842 1.002 
1.045 0.842 1.002 
1.045 0.842 1.002 
1.045 0.842 1.001 
1.045 0.842 1.001 
1.045 0.842 1.001 
1.045 0.842 1.001 
1.044 0.842 1.001 
1.044 0.841 1.001 
1.044 0.841 1.001 
1.044 0.841 1.000 
1.044 0.841 1.000 
1.043 0.841 1.000 
1.043 0.841 1.000 
1.043 0.841 1.000 
1.043 0.841 1.000 
1.043 0.841 1.000 
1.043 0.841 1.000 
1.042 0.841 0.999 
1.042 0.840 0.999 
1.042 0.840 0.999 
1.042 0.840 0.999 
1.042 0.840 0.999 
1.041 0.840 0.999 
1.041 0.840 0.999 
1.041 0.840 0.998 
1.041 0.840 0.998 
1.041 0.840 0.998 
1.040 0.840 0.998 
1.040 0.840 0.998 
1.040 0.839 0.998 
1.040 0.839 0.998 
1.040 0.839 0.998 
1.040 0.839 0.997 
1.039 0.839 0.997 
1.039 0.839 0.997 
1.039 0.839 0.997 
1.039 0.839 0.997 
1.039 0.839 0.997 
1.038 0.839 0.997 
1.038 0.839 0.996 
1.038 0.839 0.996 
1.038 0.838 0.996 
1.038 0.838 0.996 
1.038 0.838 0.996 
1.037 0.838 0.996 
1.037 0.838 0.996 
1.037 0.838 0.996 
1.037 0.838 0.995 
1.037 0.838 0.995 
1.036 0.838 0.995 
1.036 0.838 0.995 
1.036 0.838 0.995 
1.036 0.837 0.995 
1.036 0.837 0.995 
1.035 0.837 0.994 
1.035 0.837 0.994 
1.035 0.837 0.994 
1.035 0.837 0.994 
1.035 0.837 0.994 
1.035 0.837 0.994 
1.034 0.837 0.994 
1.034 0.837 0.994 
1.034 0.837 0.993 
1.034 0.836 0.993 
1.034 0.836 0.993 
1.033 0.836 0.993 
1.033 0.836 0.993 
1.033 0.836 0.993 
1.033 0.836 0.993 
1.033 0.836 0.992 
1.033 0.836 0.992 
1.032 0.836 0.992 
1.032 0.836 0.992 
1.032 0.836 0.992 
1.032 0.835 0.992 
1.032 0.835 0.992 
1.031 0.835 0.992 
1.031 0.835 0.991 
1.031 0.835 0.991 
1.031 0.835 0.991 
1.031 0.835 0.991 
1.031 0.835 0.991 
1.030 0.835 0.991 
1.030 0.835 0.991 
1.030 0.835 0.990 
1.030 0.834 0.990 
1.030 0.834 0.990 
1.029 0.834 0.990 
1.029 0.834 0.990 
1.029 0.834 0.990 
1.029 0.834 0.990 
1.029 0.834 0.990 
1.029 0.834 0.989 
1.028 0.834 0.989 
1.028 0.834 0.989 
1.028 0.834 0.989 
1.028 0.833 0.989 
1.028 0.833 0.989 
1.027 0.833 0.989 
1.027 0.833 0.988 
1.027 0.833 0.988 
1.027 0.833 0.988 
1.027 0.833 0.988 
1.027 0.833 0.988 
1.026 0.833 0.988 
1.026 0.833 0.988 
1.026 0.833 0.988 
1.026 0.833 0.987 
1.026 0.832 0.987 
1.025 0.832 0.987 
1.025 0.832 0.987 
1.025 0.832 0.987 
1.025 0.832 0.987 
1.025 0.832 0.987 
1.025 0.832 0.987 
1.024 0.832 0.986 
1.024 0.832 0.986 
1.024 0.832 0.986 
1.024 0.832 0.986 
1.024 0.831 0.986 
1.023 0.831 0.986 
1.023 0.831 0.986 
1.023 0.831 0.985 
1.023 0.831 0.985 
1.023 0.831 0.985 
1.023 0.831 0.985 
1.022 0.831 0.985 
1.022 0.831 0.985 
1.022 0.831 0.985 
1.022 0.831 0.985 
1.022 0.830 0.984 
1.021 0.830 0.984 
1.021 0.830 0.984 
1.021 0.830 0.984 
1.021 0.830 0.984 
1.021 0.830 0.984 
1.021 0.830 0.984 
1.020 0.830 0.984 
1.020 0.830 0.983 
1.020 0.830 0.983 
1.020 0.830 0.983 
1.020 0.830 0.983 
1.019 0.829 0.983 
1.019 0.829 0.983 
1.019 0.829 0.983 
1.019 0.829 0.982 
1.019 0.829 0.982 
1.019 0.829 0.982 
1.018 0.829 0.982 
1.018 0.829 0.982 
1.018 0.829 0.982 
1.018 0.829 0.982 
1.018 0.829 0.982 
1.018 0.828 0.981 
1.017 0.828 0.981 
1.017 0.828 0.981 
1.017 0.828 0.981 
1.017 0.828 0.981 
1.017 0.828 0.981 
1.016 0.828 0.981 
1.016 0.828 0.981 
1.016 0.828 0.980 
1.016 0.828 0.980 
1.016 0.828 0.980 
1.016 0.828 0.980 
1.015 0.827 0.980 
1.015 0.827 0.980 
1.015 0.827 0.980 
1.015 0.827 0.979 
1.015 0.827 0.979 
1.014 0.827 0.979 
1.014 0.827 0.979 
1.014 0.827 0.979 
1.014 0.827 0.979 
1.014 0.827 0.979 
1.014 0.827 0.979 
1.013 0.826 0.978 
1.013 0.826 0.978 
1.013 0.826 0.978 
1.013 0.826 0.978 
1.013 0.826 0.978 
1.013 0.826 0.978 
1.012 0.826 0.978 
1.012 0.826 0.978 
1.012 0.826 0.977 
1.012 0.826 0.977 
1.012 0.826 0.977 
1.011 0.826 0.977 
1.011 0.825 0.977 
1.011 0.825 0.977 
1.011 0.825 0.977 
1.011 0.825 0.977 
1.011 0.825 0.976 
1.010 0.825 0.976 
1.010 0.825 0.976 
1.010 0.825 0.976 
1.010 0.825 0.976 
1.010 0.825 0.976 
1.009 0.825 0.976 
1.009 0.824 0.975 
1.009 0.824 0.975 
1.009 0.824 0.975 
1.009 0.824 0.975 
1.009 0.824 0.975 
1.008 0.824 0.975 
1.008 0.824 0.975 
1.008 0.824 0.975 
1.008 0.824 0.974 
1.008 0.824 0.974 
1.008 0.824 0.974 
1.007 0.824 0.974 
1.007 0.823 0.974 
1.007 0.823 0.974 
1.007 0.823 0.974 
1.007 0.823 0.974 
1.006 0.823 0.973 
1.006 0.823 0.973 
1.006 0.823 0.973 
1.006 0.823 0.973 
1.006 0.823 0.973 
1.006 0.823 0.973 
1.005 0.823 0.973 
1.005 0.823 0.973 
1.005 0.822 0.972 
1.005 0.822 0.972 
1.005 0.822 0.972 
1.005 0.822 0.972 
1.004 0.822 0.972 
1.004 0.822 0.972 
1.004 0.822 0.972 
1.004 0.822 0.972 
1.004 0.822 0.971 
1.003 0.822 0.971 
1.003 0.822 0.971 
1.003 0.822 0.971 
1.003 0.821 0.971 
1.003 0.821 0.971 
1.003 0.821 0.971 
1.002 0.821 0.970 
1.002 0.821 0.970 
1.002 0.821 0.970 
1.002 0.821 0.970 
1.002 0.821 0.970 
1.002 0.821 0.970 
1.001 0.821 0.970 
1.001 0.821 0.970 
1.001 0.820 0.969 
1.001 0.820 0.969 
1.001 0.820 0.969 
1.000 0.820 0.969 
1.000 0.820 0.969 
1.000 0.820 0.969 
1.000 0.820 0.969 
1.000 0.820 0.969 
1.000 0.820 0.968 
0.999 0.820 0.968 
0.999 0.820 0.968 
0.999 0.820 0.968 
0.999 0.819 0.968 
0.999 0.819 0.968 
0.999 0.819 0.968 
0.998 0.819 0.968 
0.998 0.819 0.967 
0.998 0.819 0.967 
0.998 0.819 0.967 
0.998 0.819 0.967 
0.998 0.819 0.967 
0.997 0.819 0.967 
0.997 0.819 0.967 
0.997 0.819 0.967 
0.997 0.818 0.966 
0.997 0.818 0.966 
0.996 0.818 0.966 
0.996 0.818 0.966 
0.996 0.818 0.966 
0.996 0.818 0.966 
0.996 0.818 0.966 
0.996 0.818 0.966 
0.995 0.818 0.965 
0.995 0.818 0.965 
0.995 0.818 0.965 
0.995 0.818 0.965 
0.995 0.817 0.965 
0.995 0.817 0.965 
0.994 0.817 0.965 
0.994 0.817 0.965 
0.994 0.817 0.964 
0.994 0.817 0.964 
0.994 0.817 0.964 
0.994 0.817 0.964 
0.993 0.817 0.964 
0.993 0.817 0.964 
0.993 0.817 0.964 
0.993 0.817 0.964 
0.993 0.816 0.963 
0.992 0.816 0.963 
0.992 0.816 0.963 
0.992 0.816 0.963 
0.992 0.816 0.963 
0.992 0.816 0.963 
0.992 0.816 0.963 
0.991 0.816 0.963 
0.991 0.816 0.962 
0.991 0.816 0.962 
0.991 0.816 0.962 
0.991 0.816 0.962 
0.991 0.815 0.962 
0.990 0.815 0.962 
0.990 0.815 0.962 
0.990 0.815 0.961 
0.990 0.815 0.961 
0.990 0.815 0.961 
0.990 0.815 0.961 
0.989 0.815 0.961 
0.989 0.815 0.961 
0.989 0.815 0.961 
0.989 0.815 0.961 
0.989 0.815 0.960 
0.989 0.814 0.960 
0.988 0.814 0.960 
0.988 0.814 0.960 
0.988 0.814 0.960 
0.988 0.814 0.960 
0.988 0.814 0.960 
0.987 0.814 0.960 
0.987 0.814 0.959 
0.987 0.814 0.959 
0.987 0.814 0.959 
0.987 0.814 0.959 
0.987 0.814 0.959 
0.986 0.813 0.959 
0.986 0.813 0.959 
0.986 0.813 0.959 
0.986 0.813 0.958 
0.986 0.813 0.958 
0.986 0.813 0.958 
0.985 0.813 0.958 
0.985 0.813 0.958 
0.985 0.813 0.958 
0.985 0.813 0.958 
0.985 0.813 0.958 
0.985 0.813 0.958 
0.984 0.812 0.957 
0.984 0.812 0.957 
0.984 0.812 0.957 
0.984 0.812 0.957 
0.984 0.812 0.957 
0.984 0.812 0.957 
0.983 0.812 0.957 
0.983 0.812 0.957 
0.983 0.812 0.956 
0.983 0.812 0.956 
0.983 0.812 0.956 
0.983 0.812 0.956 
0.982 0.811 0.956 
0.982 0.811 0.956 
0.982 0.811 0.956 
0.982 0.811 0.956 
0.982 0.811 0.955 
0.981 0.811 0.955 
0.981 0.811 0.955 
0.981 0.811 0.955 
0.981 0.811 0.955 
0.981 0.811 0.955 
0.981 0.811 0.955 
0.980 0.811 0.955 
0.980 0.811 0.954 
0.980 0.810 0.954 
0.980 0.810 0.954 
0.980 0.810 0.954 
0.980 0.810 0.954 
0.979 0.810 0.954 
0.979 0.810 0.954 
0.979 0.810 0.954 
0.979 0.810 0.953 
0.979 0.810 0.953 
0.979 0.810 0.953 
0.978 0.810 0.953 
0.978 0.810 0.953 
0.978 0.809 0.953 
0.978 0.809 0.953 
0.978 0.809 0.953 
0.978 0.809 0.952 
0.977 0.809 0.952 
0.977 0.809 0.952 
0.977 0.809 0.952 
0.977 0.809 0.952 
0.977 0.809 0.952 
0.977 0.809 0.952 
0.976 0.809 0.952 
0.976 0.809 0.951 
0.976 0.808 0.951 
0.976 0.808 0.951 
0.976 0.808 0.951 
0.976 0.808 0.951 
0.975 0.808 0.951 
0.975 0.808 0.951 
0.975 0.808 0.951 
0.975 0.808 0.950 
0.975 0.808 0.950 
0.975 0.808 0.950 
0.974 0.808 0.950 
0.974 0.808 0.950 
0.974 0.808 0.950 
0.974 0.807 0.950 
0.974 0.807 0.950 
0.974 0.807 0.949 
0.973 0.807 0.949 
0.973 0.807 0.949 
0.973 0.807 0.949 
0.973 0.807 0.949 
0.973 0.807 0.949 
0.973 0.807 0.949 
0.972 0.807 0.949 
0.972 0.807 0.948 
0.972 0.807 0.948 
0.972 0.806 0.948 
0.972 0.806 0.948 
0.972 0.806 0.948 
0.971 0.806 0.948 
0.971 0.806 0.948 
0.971 0.806 0.948 
0.971 0.806 0.948 
0.971 0.806 0.947 
0.971 0.806 0.947 
0.970 0.806 0.947 
0.970 0.806 0.947 
0.970 0.806 0.947 
0.970 0.806 0.947 
0.970 0.805 0.947 
0.970 0.805 0.947 
0.969 0.805 0.946 
0.969 0.805 0.946 
0.969 0.805 0.946 
0.969 0.805 0.946 
0.969 0.805 0.946 
0.969 0.805 0.946 
0.968 0.805 0.946 
0.968 0.805 0.946 
0.968 0.805 0.945 
0.968 0.805 0.945 
0.968 0.804 0.945 
0.968 0.804 0.945 
0.967 0.804 0.945 
0.967 0.804 0.945 
0.967 0.804 0.945 
0.967 0.804 0.945 
0.967 0.804 0.944 
0.967 0.804 0.944 
0.966 0.804 0.944 
0.966 0.804 0.944 
0.966 0.804 0.944 
0.966 0.804 0.944 
0.966 0.804 0.944 
0.966 0.803 0.944 
0.965 0.803 0.944 
0.965 0.803 0.943 
0.965 0.803 0.943 
0.965 0.803 0.943 
0.965 0.803 0.943 
0.965 0.803 0.943 
0.964 0.803 0.943 
0.964 0.803 0.943 
0.964 0.803 0.943 
0.964 0.803 0.942 
0.964 0.803 0.942 
0.964 0.802 0.942 
0.963 0.802 0.942 
0.963 0.802 0.942 
0.963 0.802 0.942 
0.963 0.802 0.942 
0.963 0.802 0.942 
0.963 0.802 0.941 
0.962 0.802 0.941 
0.962 0.802 0.941 
0.962 0.802 0.941 
0.962 0.802 0.941 
0.962 0.802 0.941 
0.962 0.802 0.941 
0.961 0.801 0.941 
0.961 0.801 0.941 
0.961 0.801 0.940 
0.961 0.801 0.940 
0.961 0.801 0.940 
0.961 0.801 0.940 
0.960 0.801 0.940 
0.960 0.801 0.940 
0.960 0.801 0.940 
0.960 0.801 0.940 
0.960 0.801 0.939 
0.960 0.801 0.939 
0.959 0.801 0.939 
0.959 0.800 0.939 
0.959 0.800 0.939 
0.959 0.800 0.939 
0.959 0.800 0.939 
0.959 0.800 0.939 
0.958 0.800 0.938 
0.958 0.800 0.938 
0.958 0.800 0.938 
0.958 0.800 0.938 
0.958 0.800 0.938 
0.958 0.800 0.938 
0.957 0.800 0.938 
0.957 0.800 0.938 
0.957 0.799 0.938 
0.957 0.799 0.937 
0.957 0.799 0.937 
0.957 0.799 0.937 
0.956 0.799 0.937 
0.956 0.799 0.937 
0.956 0.799 0.937 
0.956 0.799 0.937 
0.956 0.799 0.937 
0.956 0.799 0.936 
0.955 0.799 0.936 
0.955 0.799 0.936 
0.955 0.798 0.936 
0.955 0.798 0.936 
0.955 0.798 0.936 
0.955 0.798 0.936 
0.955 0.798 0.936 
0.954 0.798 0.935 
0.954 0.798 0.935 
0.954 0.798 0.935 
0.954 0.798 0.935 
0.954 0.798 0.935 
0.954 0.798 0.935 
0.953 0.798 0.935 
0.953 0.798 0.935 
0.953 0.797 0.935 
0.953 0.797 0.934 
0.953 0.797 0.934 
0.953 0.797 0.934 
0.952 0.797 0.934 
0.952 0.797 0.934 
0.952 0.797 0.934 
0.952 0.797 0.934 
0.952 0.797 0.934 
0.952 0.797 0.933 
0.951 0.797 0.933 
0.951 0.797 0.933 
0.951 0.797 0.933 
0.951 0.796 0.933 
0.951 0.796 0.933 
0.951 0.796 0.933 
0.950 0.796 0.933 
0.950 0.796 0.933 
0.950 0.796 0.932 
0.950 0.796 0.932 
0.950 0.796 0.932 
0.950 0.796 0.932 
0.949 0.796 0.932 
0.949 0.796 0.932 
0.949 0.796 0.932 
0.949 0.796 0.932 
0.949 0.795 0.931 
0.949 0.795 0.931 
0.949 0.795 0.931 
0.948 0.795 0.931 
0.948 0.795 0.931 
0.948 0.795 0.931 
0.948 0.795 0.931 
0.948 0.795 0.931 
0.948 0.795 0.931 
0.947 0.795 0.930 
0.947 0.795 0.930 
0.947 0.795 0.930 
0.947 0.795 0.930 
0.947 0.794 0.930 
0.947 0.794 0.930 
0.946 0.794 0.930 
0.946 0.794 0.930 
0.946 0.794 0.929 
0.946 0.794 0.929 
0.946 0.794 0.929 
0.946 0.794 0.929 
0.945 0.794 0.929 
0.945 0.794 0.929 
0.945 0.794 0.929 
0.945 0.794 0.929 
0.945 0.794 0.929 
0.945 0.794 0.928 
0.945 0.793 0.928 
0.944 0.793 0.928 
0.944 0.793 0.928 
0.944 0.793 0.928 
0.944 0.793 0.928 
0.944 0.793 0.928 
0.944 0.793 0.928 
0.943 0.793 0.927 
0.943 0.793 0.927 
0.943 0.793 0.927 
0.943 0.793 0.927 
0.943 0.793 0.927 
0.943 0.793 0.927 
0.942 0.792 0.927 
0.942 0.792 0.927 
0.942 0.792 0.927 
0.942 0.792 0.926 
0.942 0.792 0.926 
0.942 0.792 0.926 
0.941 0.792 0.926 
0.941 0.792 0.926 
0.941 0.792 0.926 
0.941 0.792 0.926 
0.941 0.792 0.926 
0.941 0.792 0.926 
0.941 0.792 0.925 
0.940 0.791 0.925 
0.940 0.791 0.925 
0.940 0.791 0.925 
0.940 0.791 0.925 
0.940 0.791 0.925 
0.940 0.791 0.925 
0.939 0.791 0.925 
0.939 0.791 0.924 
0.939 0.791 0.924 
0.939 0.791 0.924 
0.939 0.791 0.924 
0.939 0.791 0.924 
0.938 0.791 0.924 
0.938 0.790 0.924 
0.938 0.790 0.924 
0.938 0.790 0.924 
0.938 0.790 0.923 
0.938 0.790 0.923 
0.938 0.790 0.923 
0.937 0.790 0.923 
0.937 0.790 0.923 
0.937 0.790 0.923 
0.937 0.790 0.923 
0.937 0.790 0.923 
0.937 0.790 0.922 
0.936 0.790 0.922 
0.936 0.790 0.922 
0.936 0.789 0.922 
0.936 0.789 0.922 
0.936 0.789 0.922 
0.936 0.789 0.922 
0.935 0.789 0.922 
0.935 0.789 0.922 
0.935 0.789 0.921 
0.935 0.789 0.921 
0.935 0.789 0.921 
0.935 0.789 0.921 
0.935 0.789 0.921 
0.934 0.789 0.921 
0.934 0.789 0.921 
0.934 0.788 0.921 
0.934 0.788 0.921 
0.934 0.788 0.920 
0.934 0.788 0.920 
0.933 0.788 0.920 
0.933 0.788 0.920 
0.933 0.788 0.920 
0.933 0.788 0.920 
0.933 0.788 0.920 
0.933 0.788 0.920 
0.932 0.788 0.920 
0.932 0.788 0.919 
0.932 0.788 0.919 
0.932 0.787 0.919 
0.932 0.787 0.919 
0.932 0.787 0.919 
0.932 0.787 0.919 
0.931 0.787 0.919 
0.931 0.787 0.919 
0.931 0.787 0.918 
0.931 0.787 0.918 
0.931 0.787 0.918 
0.931 0.787 0.918 
0.930 0.787 0.918 
0.930 0.787 0.918 
0.930 0.787 0.918 
0.930 0.787 0.918 
0.930 0.786 0.918 
0.930 0.786 0.917 
0.930 0.786 0.917 
0.929 0.786 0.917 
0.929 0.786 0.917 
0.929 0.786 0.917 
0.929 0.786 0.917 
0.929 0.786 0.917 
0.929 0.786 0.917 
0.928 0.786 0.917 
0.928 0.786 0.916 
0.928 0.786 0.916 
0.928 0.786 0.916 
0.928 0.785 0.916 
0.928 0.785 0.916 
0.928 0.785 0.916 
0.927 0.785 0.916 
0.927 0.785 0.916 
0.927 0.785 0.916 
0.927 0.785 0.915 
0.927 0.785 0.915 
0.927 0.785 0.915 
0.926 0.785 0.915 
0.926 0.785 0.915 
0.926 0.785 0.915 
0.926 0.785 0.915 
0.926 0.785 0.915 
0.926 0.784 0.915 
0.926 0.784 0.914 
0.925 0.784 0.914 
0.925 0.784 0.914 
0.925 0.784 0.914 
0.925 0.784 0.914 
0.925 0.784 0.914 
0.925 0.784 0.914 
0.924 0.784 0.914 
0.924 0.784 0.913 
0.924 0.784 0.913 
0.924 0.784 0.913 
0.924 0.784 0.913 
0.924 0.784 0.913 
0.924 0.783 0.913 
0.923 0.783 0.913 
0.923 0.783 0.913 
0.923 0.783 0.913 
0.923 0.783 0.912 
0.923 0.783 0.912 
0.923 0.783 0.912 
0.922 0.783 0.912 
0.922 0.783 0.912 
0.922 0.783 0.912 
0.922 0.783 0.912 
0.922 0.783 0.912 
0.922 0.783 0.912 
0.922 0.783 0.911 
0.921 0.782 0.911 
0.921 0.782 0.911 
0.921 0.782 0.911 
0.921 0.782 0.911 
0.921 0.782 0.911 
0.921 0.782 0.911 
0.920 0.782 0.911 
0.920 0.782 0.911 
0.920 0.782 0.910 
0.920 0.782 0.910 
0.920 0.782 0.910 
0.920 0.782 0.910 
0.920 0.782 0.910 
0.919 0.781 0.910 
0.919 0.781 0.910 
0.919 0.781 0.910 
0.919 0.781 0.910 
0.919 0.781 0.909 
0.919 0.781 0.909 
0.918 0.781 0.909 
0.918 0.781 0.909 
0.918 0.781 0.909 
0.918 0.781 0.909 
0.918 0.781 0.909 
0.918 0.781 0.909 
0.918 0.781 0.909 
0.917 0.781 0.908 
0.917 0.780 0.908 
0.917 0.780 0.908 
0.917 0.780 0.908 
0.917 0.780 0.908 
0.917 0.780 0.908 
0.916 0.780 0.908 
0.916 0.780 0.908 
0.916 0.780 0.908 
0.916 0.780 0.907 
0.916 0.780 0.907 
0.916 0.780 0.907 
0.916 0.780 0.907 
0.915 0.780 0.907 
0.915 0.780 0.907 
0.915 0.779 0.907 
0.915 0.779 0.907 
0.915 0.779 0.907 
0.915 0.779 0.906 
0.915 0.779 0.906 
0.914 0.779 0.906 
0.914 0.779 0.906 
0.914 0.779 0.906 
0.914 0.779 0.906 
0.914 0.779 0.906 
0.914 0.779 0.906 
0.913 0.779 0.906 
0.913 0.779 0.905 
0.913 0.779 0.905 
0.913 0.778 0.905 
0.913 0.778 0.905 
0.913 0.778 0.905 
0.913 0.778 0.905 
0.912 0.778 0.905 
0.912 0.778 0.905 
0.912 0.778 0.905 
0.912 0.778 0.904 
0.912 0.778 0.904 
0.912 0.778 0.904 
0.911 0.778 0.904 
0.911 0.778 0.904 
0.911 0.778 0.904 
0.911 0.778 0.904 
0.911 0.777 0.904 
0.911 0.777 0.904 
0.911 0.777 0.903 
0.910 0.777 0.903 
0.910 0.777 0.903 
0.910 0.777 0.903 
0.910 0.777 0.903 
0.910 0.777 0.903 
0.910 0.777 0.903 
0.910 0.777 0.903 
0.909 0.777 0.903 
0.909 0.777 0.902 
0.909 0.777 0.902 
0.909 0.777 0.902 
0.909 0.776 0.902 
0.909 0.776 0.902 
0.908 0.776 0.902 
0.908 0.776 0.902 
0.908 0.776 0.902 
0.908 0.776 0.902 
0.908 0.776 0.901 
0.908 0.776 0.901 
0.908 0.776 0.901 
0.907 0.776 0.901 
0.907 0.776 0.901 
0.907 0.776 0.901 
0.907 0.776 0.901 
0.907 0.776 0.901 
0.907 0.776 0.901 
0.907 0.775 0.901 
0.906 0.775 0.900 
0.906 0.775 0.900 
0.906 0.775 0.900 
0.906 0.775 0.900 
0.906 0.775 0.900 
0.906 0.775 0.900 
0.906 0.775 0.900 
0.905 0.775 0.900 
0.905 0.775 0.900 
0.905 0.775 0.899 
0.905 0.775 0.899 
0.905 0.775 0.899 
0.905 0.775 0.899 
0.904 0.774 0.899 
0.904 0.774 0.899 
0.904 0.774 0.899 
0.904 0.774 0.899 
0.904 0.774 0.899 
0.904 0.774 0.898 
0.904 0.774 0.898 
0.903 0.774 0.898 
0.903 0.774 0.898 
0.903 0.774 0.898 
0.903 0.774 0.898 
0.903 0.774 0.898 
0.903 0.774 0.898 
0.903 0.774 0.898 
0.902 0.773 0.897 
0.902 0.773 0.897 
0.902 0.773 0.897 
0.902 0.773 0.897 
0.902 0.773 0.897 
0.902 0.773 0.897 
0.902 0.773 0.897 
0.901 0.773 0.897 
0.901 0.773 0.897 
0.901 0.773 0.896 
0.901 0.773 0.896 
0.901 0.773 0.896 
0.901 0.773 0.896 
0.900 0.773 0.896 
0.900 0.772 0.896 
0.900 0.772 0.896 
0.900 0.772 0.896 
0.900 0.772 0.896 
0.900 0.772 0.896 
0.900 0.772 0.895 
0.899 0.772 0.895 
0.899 0.772 0.895 
0.899 0.772 0.895 
0.899 0.772 0.895 
0.899 0.772 0.895 
0.899 0.772 0.895 
0.899 0.772 0.895 
0.898 0.772 0.895 
0.898 0.772 0.894 
0.898 0.771 0.894 
0.898 0.771 0.894 
0.898 0.771 0.894 
0.898 0.771 0.894 
0.898 0.771 0.894 
0.897 0.771 0.894 
0.897 0.771 0.894 
0.897 0.771 0.894 
0.897 0.771 0.893 
0.897 0.771 0.893 
0.897 0.771 0.893 
0.897 0.771 0.893 
0.896 0.771 0.893 
0.896 0.771 0.893 
0.896 0.770 0.893 
0.896 0.770 0.893 
0.896 0.770 0.893 
0.896 0.770 0.893 
0.896 0.770 0.892 
0.895 0.770 0.892 
0.895 0.770 0.892 
0.895 0.770 0.892 
0.895 0.770 0.892 
0.895 0.770 0.892 
0.895 0.770 0.892 
0.895 0.770 0.892 
0.894 0.770 0.892 
0.894 0.770 0.891 
0.894 0.770 0.891 
0.894 0.769 0.891 
0.894 0.769 0.891 
0.894 0.769 0.891 
0.893 0.769 0.891 
0.893 0.769 0.891 
0.893 0.769 0.891 
0.893 0.769 0.891 
0.893 0.769 0.891 
0.893 0.769 0.890 
0.893 0.769 0.890 
0.892 0.769 0.890 
0.892 0.769 0.890 
0.892 0.769 0.890 
0.892 0.769 0.890 
0.892 0.769 0.890 
0.892 0.768 0.890 
0.892 0.768 0.890 
0.891 0.768 0.889 
0.891 0.768 0.889 
0.891 0.768 0.889 
0.891 0.768 0.889 
0.891 0.768 0.889 
0.891 0.768 0.889 
0.891 0.768 0.889 
0.890 0.768 0.889 
0.890 0.768 0.889 
0.890 0.768 0.888 
0.890 0.768 0.888 
0.890 0.768 0.888 
0.890 0.767 0.888 
0.890 0.767 0.888 
0.889 0.767 0.888 
0.889 0.767 0.888 
0.889 0.767 0.888 
0.889 0.767 0.888 
0.889 0.767 0.888 
0.889 0.767 0.887 
0.889 0.767 0.887 
0.888 0.767 0.887 
0.888 0.767 0.887 
0.888 0.767 0.887 
0.888 0.767 0.887 
0.888 0.767 0.887 
0.888 0.767 0.887 
0.888 0.766 0.887 
0.887 0.766 0.886 
0.887 0.766 0.886 
0.887 0.766 0.886 
0.887 0.766 0.886 
0.887 0.766 0.886 
0.887 0.766 0.886 
0.887 0.766 0.886 
0.886 0.766 0.886 
0.886 0.766 0.886 
0.886 0.766 0.886 
0.886 0.766 0.885 
0.886 0.766 0.885 
0.886 0.766 0.885 
0.886 0.766 0.885 
0.885 0.765 0.885 
0.885 0.765 0.885 
0.885 0.765 0.885 
0.885 0.765 0.885 
0.885 0.765 0.885 
0.885 0.765 0.885 
0.885 0.765 0.884 
0.884 0.765 0.884 
0.884 0.765 0.884 
0.884 0.765 0.884 
0.884 0.765 0.884 
0.884 0.765 0.884 
0.884 0.765 0.884 
0.884 0.765 0.884 
0.883 0.765 0.884 
0.883 0.764 0.883 
0.883 0.764 0.883 
0.883 0.764 0.883 
0.883 0.764 0.883 
0.883 0.764 0.883 
0.883 0.764 0.883 
0.882 0.764 0.883 
0.882 0.764 0.883 
0.882 0.764 0.883 
0.882 0.764 0.883 
0.882 0.764 0.882 
0.882 0.764 0.882 
0.882 0.764 0.882 
0.881 0.764 0.882 
0.881 0.764 0.882 
0.881 0.763 0.882 
0.881 0.763 0.882 
0.881 0.763 0.882 
0.881 0.763 0.882 
0.881 0.763 0.881 
0.881 0.763 0.881 
0.880 0.763 0.881 
0.880 0.763 0.881 
0.880 0.763 0.881 
0.880 0.763 0.881 
0.880 0.763 0.881 
0.880 0.763 0.881 
0.880 0.763 0.881 
0.879 0.763 0.881 
0.879 0.763 0.880 
0.879 0.762 0.880 
0.879 0.762 0.880 
0.879 0.762 0.880 
0.879 0.762 0.880 
0.879 0.762 0.880 
0.878 0.762 0.880 
0.878 0.762 0.880 
0.878 0.762 0.880 
0.878 0.762 0.880 
0.878 0.762 0.879 
0.878 0.762 0.879 
0.878 0.762 0.879 
0.877 0.762 0.879 
0.877 0.762 0.879 
0.877 0.762 0.879 
0.877 0.761 0.879 
0.877 0.761 0.879 
0.877 0.761 0.879 
0.877 0.761 0.879 
0.876 0.761 0.878 
0.876 0.761 0.878 
0.876 0.761 0.878 
0.876 0.761 0.878 
0.876 0.761 0.878 
0.876 0.761 0.878 
0.876 0.761 0.878 
0.875 0.761 0.878 
0.875 0.761 0.878 
0.875 0.761 0.877 
0.875 0.761 0.877 
0.875 0.760 0.877 
0.875 0.760 0.877 
0.875 0.760 0.877 
0.874 0.760 0.877 
0.874 0.760 0.877 
0.874 0.760 0.877 
0.874 0.760 0.877 
0.874 0.760 0.877 
0.874 0.760 0.876 
0.874 0.760 0.876 
0.874 0.760 0.876 
0.873 0.760 0.876 
0.873 0.760 0.876 
0.873 0.760 0.876 
0.873 0.760 0.876 
0.873 0.760 0.876 
0.873 0.759 0.876 
0.873 0.759 0.876 
0.872 0.759 0.875 
0.872 0.759 0.875 
0.872 0.759 0.875 
0.872 0.759 0.875 
0.872 0.759 0.875 
0.872 0.759 0.875 
0.872 0.759 0.875 
0.871 0.759 0.875 
0.871 0.759 0.875 
0.871 0.759 0.875 
0.871 0.759 0.874 
0.871 0.759 0.874 
0.871 0.759 0.874 
0.871 0.758 0.874 
0.870 0.758 0.874 
0.870 0.758 0.874 
0.870 0.758 0.874 
0.870 0.758 0.874 
0.870 0.758 0.874 
0.870 0.758 0.874 
0.870 0.758 0.873 
0.870 0.758 0.873 
0.869 0.758 0.873 
0.869 0.758 0.873 
0.869 0.758 0.873 
0.869 0.758 0.873 
0.869 0.758 0.873 
0.869 0.758 0.873 
0.869 0.757 0.873 
0.868 0.757 0.873 
0.868 0.757 0.872 
0.868 0.757 0.872 
0.868 0.757 0.872 
0.868 0.757 0.872 
0.868 0.757 0.872 
0.868 0.757 0.872 
0.867 0.757 0.872 
0.867 0.757 0.872 
0.867 0.757 0.872 
0.867 0.757 0.871 
0.867 0.757 0.871 
0.867 0.757 0.871 
0.867 0.757 0.871 
0.866 0.757 0.871 
0.866 0.756 0.871 
0.866 0.756 0.871 
0.866 0.756 0.871 
0.866 0.756 0.871 
0.866 0.756 0.871 
0.866 0.756 0.870 
0.866 0.756 0.870 
0.865 0.756 0.870 
0.865 0.756 0.870 
0.865 0.756 0.870 
0.865 0.756 0.870 
0.865 0.756 0.870 
0.865 0.756 0.870 
0.865 0.756 0.870 
0.864 0.756 0.870 
0.864 0.755 0.869 
0.864 0.755 0.869 
0.864 0.755 0.869 
0.864 0.755 0.869 
0.864 0.755 0.869 
0.864 0.755 0.869 
0.864 0.755 0.869 
0.863 0.755 0.869 
0.863 0.755 0.869 
0.863 0.755 0.869 
0.863 0.755 0.868 
0.863 0.755 0.868 
0.863 0.755 0.868 
0.863 0.755 0.868 
0.862 0.755 0.868 
0.862 0.755 0.868 
0.862 0.754 0.868 
0.862 0.754 0.868 
0.862 0.754 0.868 
0.862 0.754 0.868 
0.862 0.754 0.868 
0.861 0.754 0.867 
0.861 0.754 0.867 
0.861 0.754 0.867 
0.861 0.754 0.867 
0.861 0.754 0.867 
0.861 0.754 0.867 
0.861 0.754 0.867 
0.861 0.754 0.867 
0.860 0.754 0.867 
0.860 0.754 0.867 
0.860 0.754 0.866 
0.860 0.753 0.866 
0.860 0.753 0.866 
0.860 0.753 0.866 
0.860 0.753 0.866 
0.859 0.753 0.866 
0.859 0.753 0.866 
0.859 0.753 0.866 
0.859 0.753 0.866 
0.859 0.753 0.866 
0.859 0.753 0.865 
0.859 0.753 0.865 
0.859 0.753 0.865 
0.858 0.753 0.865 
0.858 0.753 0.865 
0.858 0.753 0.865 
0.858 0.752 0.865 
0.858 0.752 0.865 
0.858 0.752 0.865 
0.858 0.752 0.865 
0.857 0.752 0.864 
0.857 0.752 0.864 
0.857 0.752 0.864 
0.857 0.752 0.864 
0.857 0.752 0.864 
0.857 0.752 0.864 
0.857 0.752 0.864 
0.857 0.752 0.864 
0.856 0.752 0.864 
0.856 0.752 0.864 
0.856 0.752 0.863 
0.856 0.752 0.863 
0.856 0.751 0.863 
0.856 0.751 0.863 
0.856 0.751 0.863 
0.855 0.751 0.863 
0.855 0.751 0.863 
0.855 0.751 0.863 
0.855 0.751 0.863 
0.855 0.751 0.863 
0.855 0.751 0.862 
0.855 0.751 0.862 
0.855 0.751 0.862 
0.854 0.751 0.862 
0.854 0.751 0.862 
0.854 0.751 0.862 
0.854 0.751 0.862 
0.854 0.751 0.862 
0.854 0.750 0.862 
0.854 0.750 0.862 
0.853 0.750 0.862 
0.853 0.750 0.861 
0.853 0.750 0.861 
0.853 0.750 0.861 
0.853 0.750 0.861 
0.853 0.750 0.861 
0.853 0.750 0.861 
0.853 0.750 0.861 
0.852 0.750 0.861 
0.852 0.750 0.861 
0.852 0.750 0.861 
0.852 0.750 0.860 
0.852 0.750 0.860 
0.852 0.750 0.860 
0.852 0.749 0.860 
0.851 0.749 0.860 
0.851 0.749 0.860 
0.851 0.749 0.860 
0.851 0.749 0.860 
0.851 0.749 0.860 
0.851 0.749 0.860 
0.851 0.749 0.859 
0.851 0.749 0.859 
0.850 0.749 0.859 
0.850 0.749 0.859 
0.850 0.749 0.859 
0.850 0.749 0.859 
0.850 0.749 0.859 
0.850 0.749 0.859 
0.850 0.749 0.859 
0.850 0.748 0.859 
0.849 0.748 0.859 
0.849 0.748 0.858 
0.849 0.748 0.858 
0.849 0.748 0.858 
0.849 0.748 0.858 
0.849 0.748 0.858 
0.849 0.748 0.858 
0.848 0.748 0.858 
0.848 0.748 0.858 
0.848 0.748 0.858 
0.848 0.748 0.858 
0.848 0.748 0.857 
0.848 0.748 0.857 
0.848 0.748 0.857 
0.848 0.748 0.857 
0.847 0.748 0.857 
0.847 0.747 0.857 
0.847 0.747 0.857 
0.847 0.747 0.857 
0.847 0.747 0.857 
0.847 0.747 0.857 
0.847 0.747 0.856 
0.846 0.747 0.856 
0.846 0.747 0.856 
0.846 0.747 0.856 
0.846 0.747 0.856 
0.846 0.747 0.856 
0.846 0.747 0.856 
0.846 0.747 0.856 
0.846 0.747 0.856 
0.845 0.747 0.856 
0.845 0.747 0.856 
0.845 0.746 0.855 
0.845 0.746 0.855 
0.845 0.746 0.855 
0.845 0.746 0.855 
0.845 0.746 0.855 
0.845 0.746 0.855 
0.844 0.746 0.855 
0.844 0.746 0.855 
0.844 0.746 0.855 
0.844 0.746 0.855 
0.844 0.746 0.854 
0.844 0.746 0.854 
0.844 0.746 0.854 
0.844 0.746 0.854 
0.843 0.746 0.854 
0.843 0.746 0.854 
0.843 0.745 0.854 
0.843 0.745 0.854 
0.843 0.745 0.854 
0.843 0.745 0.854 
0.843 0.745 0.854 
0.842 0.745 0.853 
0.842 0.745 0.853 
0.842 0.745 0.853 
0.842 0.745 0.853 
0.842 0.745 0.853 
0.842 0.745 0.853 
0.842 0.745 0.853 
0.842 0.745 0.853 
0.841 0.745 0.853 
0.841 0.745 0.853 
0.841 0.745 0.852 
0.841 0.745 0.852 
0.841 0.744 0.852 
0.841 0.744 0.852 
0.841 0.744 0.852 
0.841 0.744 0.852 
0.840 0.744 0.852 
0.840 0.744 0.852 
0.840 0.744 0.852 
0.840 0.744 0.852 
0.840 0.744 0.852 
0.840 0.744 0.851 
0.840 0.744 0.851 
0.840 0.744 0.851 
0.839 0.744 0.851 
0.839 0.744 0.851 
0.839 0.744 0.851 
0.839 0.744 0.851 
0.839 0.743 0.851 
0.839 0.743 0.851 
0.839 0.743 0.851 
0.839 0.743 0.851 
0.838 0.743 0.850 
0.838 0.743 0.850 
0.838 0.743 0.850 
0.838 0.743 0.850 
0.838 0.743 0.850 
0.838 0.743 0.850 
0.838 0.743 0.850 
0.837 0.743 0.850 
0.837 0.743 0.850 
0.837 0.743 0.850 
0.837 0.743 0.849 
0.837 0.743 0.849 
0.837 0.743 0.849 
0.837 0.742 0.849 
0.837 0.742 0.849 
0.836 0.742 0.849 
0.836 0.742 0.849 
0.836 0.742 0.849 
0.836 0.742 0.849 
0.836 0.742 0.849 
0.836 0.742 0.849 
0.836 0.742 0.848 
0.836 0.742 0.848 
0.835 0.742 0.848 
0.835 0.742 0.848 
0.835 0.742 0.848 
0.835 0.742 0.848 
0.835 0.742 0.848 
0.835 0.742 0.848 
0.835 0.741 0.848 
0.835 0.741 0.848 
0.834 0.741 0.848 
0.834 0.741 0.847 
0.834 0.741 0.847 
0.834 0.741 0.847 
0.834 0.741 0.847 
0.834 0.741 0.847 
0.834 0.741 0.847 
0.834 0.741 0.847 
0.833 0.741 0.847 
0.833 0.741 0.847 
0.833 0.741 0.847 
0.833 0.741 0.846 
0.833 0.741 0.846 
0.833 0.741 0.846 
0.833 0.741 0.846 
0.833 0.740 0.846 
0.832 0.740 0.846 
0.832 0.740 0.846 
0.832 0.740 0.846 
0.832 0.740 0.846 
0.832 0.740 0.846 
0.832 0.740 0.846 
0.832 0.740 0.845 
0.832 0.740 0.845 
0.831 0.740 0.845 
0.831 0.740 0.845 
0.831 0.740 0.845 
0.831 0.740 0.845 
0.831 0.740 0.845 
0.831 0.740 0.845 
0.831 0.740 0.845 
0.831 0.740 0.845 
0.830 0.739 0.845 
0.830 0.739 0.844 
0.830 0.739 0.844 
0.830 0.739 0.844 
0.830 0.739 0.844 
0.830 0.739 0.844 
0.830 0.739 0.844 
0.830 0.739 0.844 
0.829 0.739 0.844 
0.829 0.739 0.844 
0.829 0.739 0.844 
0.829 0.739 0.844 
0.829 0.739 0.843 
0.829 0.739 0.843 
0.829 0.739 0.843 
0.829 0.739 0.843 
0.828 0.739 0.843 
0.828 0.738 0.843 
0.828 0.738 0.843 
0.828 0.738 0.843 
0.828 0.738 0.843 
0.828 0.738 0.843 
0.828 0.738 0.843 
0.828 0.738 0.842 
0.827 0.738 0.842 
0.827 0.738 0.842 
0.827 0.738 0.842 
0.827 0.738 0.842 
0.827 0.738 0.842 
0.827 0.738 0.842 
0.827 0.738 0.842 
0.827 0.738 0.842 
0.826 0.738 0.842 
0.826 0.738 0.842 
0.826 0.737 0.841 
0.826 0.737 0.841 
0.826 0.737 0.841 
0.826 0.737 0.841 
0.826 0.737 0.841 
0.826 0.737 0.841 
0.825 0.737 0.841 
0.825 0.737 0.841 
0.825 0.737 0.841 
0.825 0.737 0.841 
0.825 0.737 0.841 
0.825 0.737 0.840 
0.825 0.737 0.840 
0.825 0.737 0.840 
0.824 0.737 0.840 
0.824 0.737 0.840 
0.824 0.737 0.840 
0.824 0.736 0.840 
0.824 0.736 0.840 
0.824 0.736 0.840 
0.824 0.736 0.840 
0.824 0.736 0.840 
0.823 0.736 0.839 
0.823 0.736 0.839 
0.823 0.736 0.839 
0.823 0.736 0.839 
0.823 0.736 0.839 
0.823 0.736 0.839 
0.823 0.736 0.839 
0.823 0.736 0.839 
0.822 0.736 0.839 
0.822 0.736 0.839 
0.822 0.736 0.839 
0.822 0.736 0.838 
0.822 0.735 0.838 
0.822 0.735 0.838 
0.822 0.735 0.838 
0.822 0.735 0.838 
0.822 0.735 0.838 
0.821 0.735 0.838 
0.821 0.735 0.838 
0.821 0.735 0.838 
0.821 0.735 0.838 
0.821 0.735 0.838 
0.821 0.735 0.837 
0.821 0.735 0.837 
0.821 0.735 0.837 
0.820 0.735 0.837 
0.820 0.735 0.837 
0.820 0.735 0.837 
0.820 0.735 0.837 
0.820 0.734 0.837 
0.820 0.734 0.837 
0.820 0.734 0.837 
0.820 0.734 0.837 
0.819 0.734 0.836 
0.819 0.734 0.836 
0.819 0.734 0.836 
0.819 0.734 0.836 
0.819 0.734 0.836 
0.819 0.734 0.836 
0.819 0.734 0.836 
0.819 0.734 0.836 
0.818 0.734 0.836 
0.818 0.734 0.836 
0.818 0.734 0.836 
0.818 0.734 0.835 
0.818 0.734 0.835 
0.818 0.734 0.835 
0.818 0.733 0.835 
0.818 0.733 0.835 
0.817 0.733 0.835 
0.817 0.733 0.835 
0.817 0.733 0.835 
0.817 0.733 0.835 
0.817 0.733 0.835 
0.817 0.733 0.835 
0.817 0.733 0.835 
0.817 0.733 0.834 
0.817 0.733 0.834 
0.816 0.733 0.834 
0.816 0.733 0.834 
0.816 0.733 0.834 
0.816 0.733 0.834 
0.816 0.733 0.834 
0.816 0.733 0.834 
0.816 0.732 0.834 
0.816 0.732 0.834 
0.815 0.732 0.834 
0.815 0.732 0.833 
0.815 0.732 0.833 
0.815 0.732 0.833 
0.815 0.732 0.833 
0.815 0.732 0.833 
0.815 0.732 0.833 
0.815 0.732 0.833 
0.814 0.732 0.833 
0.814 0.732 0.833 
0.814 0.732 0.833 
0.814 0.732 0.833 
0.814 0.732 0.832 
0.814 0.732 0.832 
0.814 0.732 0.832 
0.814 0.731 0.832 
0.814 0.731 0.832 
0.813 0.731 0.832 
0.813 0.731 0.832 
0.813 0.731 0.832 
0.813 0.731 0.832 
0.813 0.731 0.832 
0.813 0.731 0.832 
0.813 0.731 0.832 
0.813 0.731 0.831 
0.812 0.731 0.831 
0.812 0.731 0.831 
0.812 0.731 0.831 
0.812 0.731 0.831 
0.812 0.731 0.831 
0.812 0.731 0.831 
0.812 0.731 0.831 
0.812 0.731 0.831 
0.811 0.730 0.831 
0.811 0.730 0.831 
0.811 0.730 0.830 
0.811 0.730 0.830 
0.811 0.730 0.830 
0.811 0.730 0.830 
0.811 0.730 0.830 
0.811 0.730 0.830 
0.811 0.730 0.830 
0.810 0.730 0.830 
0.810 0.730 0.830 
0.810 0.730 0.830 
0.810 0.730 0.830 
0.810 0.730 0.829 
0.810 0.730 0.829 
0.810 0.730 0.829 
0.810 0.730 0.829 
0.809 0.730 0.829 
0.809 0.729 0.829 
0.809 0.729 0.829 
0.809 0.729 0.829 
0.809 0.729 0.829 
0.809 0.729 0.829 
0.809 0.729 0.829 
0.809 0.729 0.829 
0.809 0.729 0.828 
0.808 0.729 0.828 
0.808 0.729 0.828 
0.808 0.729 0.828 
0.808 0.729 0.828 
0.808 0.729 0.828 
0.808 0.729 0.828 
0.808 0.729 0.828 
0.808 0.729 0.828 
0.807 0.729 0.828 
0.807 0.729 0.828 
0.807 0.728 0.827 
0.807 0.728 0.827 
0.807 0.728 0.827 
0.807 0.728 0.827 
0.807 0.728 0.827 
0.807 0.728 0.827 
0.807 0.728 0.827 
0.806 0.728 0.827 
0.806 0.728 0.827 
0.806 0.728 0.827 
0.806 0.728 0.827 
0.806 0.728 0.827 
0.806 0.728 0.826 
0.806 0.728 0.826 
0.806 0.728 0.826 
0.805 0.728 0.826 
0.805 0.728 0.826 
0.805 0.727 0.826 
0.805 0.727 0.826 
0.805 0.727 0.826 
0.805 0.727 0.826 
0.805 0.727 0.826 
0.805 0.727 0.826 
0.805 0.727 0.825 
0.804 0.727 0.825 
0.804 0.727 0.825 
0.804 0.727 0.825 
0.804 0.727 0.825 
0.804 0.727 0.825 
0.804 0.727 0.825 
0.804 0.727 0.825 
0.804 0.727 0.825 
0.803 0.727 0.825 
0.803 0.727 0.825 
0.803 0.727 0.825 
0.803 0.726 0.824 
0.803 0.726 0.824 
0.803 0.726 0.824 
0.803 0.726 0.824 
0.803 0.726 0.824 
0.803 0.726 0.824 
0.802 0.726 0.824 
0.802 0.726 0.824 
0.802 0.726 0.824 
0.802 0.726 0.824 
0.802 0.726 0.824 
0.802 0.726 0.824 
0.802 0.726 0.823 
0.802 0.726 0.823 
0.802 0.726 0.823 
0.801 0.726 0.823 
0.801 0.726 0.823 
0.801 0.726 0.823 
0.801 0.725 0.823 
0.801 0.725 0.823 
0.801 0.725 0.823 
0.801 0.725 0.823 
0.801 0.725 0.823 
0.800 0.725 0.823 
0.800 0.725 0.822 
0.800 0.725 0.822 
0.800 0.725 0.822 
0.800 0.725 0.822 
0.800 0.725 0.822 
0.800 0.725 0.822 
0.800 0.725 0.822 
0.800 0.725 0.822 
0.799 0.725 0.822 
0.799 0.725 0.822 
0.799 0.725 0.822 
0.799 0.725 0.821 
0.799 0.725 0.821 
0.799 0.724 0.821 
0.799 0.724 0.821 
0.799 0.724 0.821 
0.799 0.724 0.821 
0.798 0.724 0.821 
0.798 0.724 0.821 
0.798 0.724 0.821 
0.798 0.724 0.821 
0.798 0.724 0.821 
0.798 0.724 0.821 
0.798 0.724 0.820 
0.798 0.724 0.820 
0.797 0.724 0.820 
0.797 0.724 0.820 
0.797 0.724 0.820 
0.797 0.724 0.820 
0.797 0.724 0.820 
0.797 0.724 0.820 
0.797 0.723 0.820 
0.797 0.723 0.820 
0.797 0.723 0.820 
0.796 0.723 0.820 
0.796 0.723 0.819 
0.796 0.723 0.819 
0.796 0.723 0.819 
0.796 0.723 0.819 
0.796 0.723 0.819 
0.796 0.723 0.819 
0.796 0.723 0.819 
0.796 0.723 0.819 
0.795 0.723 0.819 
0.795 0.723 0.819 
0.795 0.723 0.819 
0.795 0.723 0.819 
0.795 0.723 0.818 
0.795 0.723 0.818 
0.795 0.722 0.818 
0.795 0.722 0.818 
0.795 0.722 0.818 
0.794 0.722 0.818 
0.794 0.722 0.818 
0.794 0.722 0.818 
0.794 0.722 0.818 
0.794 0.722 0.818 
0.794 0.722 0.818 
0.794 0.722 0.818 
0.794 0.722 0.817 
0.793 0.722 0.817 
0.793 0.722 0.817 
0.793 0.722 0.817 
0.793 0.722 0.817 
0.793 0.722 0.817 
0.793 0.722 0.817 
0.793 0.722 0.817 
0.793 0.722 0.817 
0.793 0.721 0.817 
0.792 0.721 0.817 
0.792 0.721 0.817 
0.792 0.721 0.816 
