9 2.125 1.851 1.757 1.248 
9 2.125 1.850 1.756 1.248 
9 2.124 1.850 1.756 1.248 
9 2.124 1.850 1.756 1.248 
9 2.124 1.850 1.756 1.248 
9 2.124 1.850 1.756 1.248 
9 2.124 1.850 1.755 1.248 
9 2.124 1.850 1.755 1.248 
9 2.123 1.849 1.755 1.248 
9 2.123 1.849 1.755 1.248 
9 2.123 1.849 1.755 1.248 
9 2.123 1.849 1.755 1.248 
9 2.123 1.849 1.754 1.247 
9 2.123 1.849 1.754 1.247 
9 2.122 1.849 1.754 1.247 
9 2.122 1.848 1.754 1.247 
9 2.122 1.848 1.754 1.247 
9 2.122 1.848 1.754 1.247 
9 2.122 1.848 1.753 1.247 
9 2.122 1.848 1.753 1.247 
9 2.121 1.848 1.753 1.247 
9 2.121 1.848 1.753 1.247 
9 2.121 1.848 1.753 1.247 
9 2.121 1.847 1.752 1.247 
9 2.121 1.847 1.752 1.246 
9 2.121 1.847 1.752 1.246 
9 2.120 1.847 1.752 1.246 
9 2.120 1.847 1.752 1.246 
9 2.120 1.847 1.752 1.246 
9 2.120 1.847 1.751 1.246 
9 2.120 1.846 1.751 1.246 
9 2.120 1.846 1.751 1.246 
9 2.119 1.846 1.751 1.246 
9 2.119 1.846 1.751 1.246 
9 2.119 1.846 1.751 1.246 
9 2.119 1.846 1.750 1.246 
9 2.119 1.846 1.750 1.245 
9 2.119 1.845 1.750 1.245 
9 2.118 1.845 1.750 1.245 
9 2.118 1.845 1.750 1.245 
9 2.118 1.845 1.749 1.245 
9 2.118 1.845 1.749 1.245 
9 2.118 1.845 1.749 1.245 
9 2.118 1.845 1.749 1.245 
9 2.117 1.844 1.749 1.245 
9 2.117 1.844 1.749 1.245 
9 2.117 1.844 1.748 1.245 
9 2.117 1.844 1.748 1.245 
9 2.117 1.844 1.748 1.244 
9 2.117 1.844 1.748 1.244 
9 2.116 1.844 1.748 1.244 
9 2.116 1.843 1.747 1.244 
9 2.116 1.843 1.747 1.244 
9 2.116 1.843 1.747 1.244 
9 2.116 1.843 1.747 1.244 
9 2.116 1.843 1.747 1.244 
9 2.115 1.843 1.747 1.244 
9 2.115 1.843 1.746 1.244 
9 2.115 1.842 1.746 1.244 
9 2.115 1.842 1.746 1.244 
9 2.115 1.842 1.746 1.243 
9 2.115 1.842 1.746 1.243 
9 2.114 1.842 1.745 1.243 
9 2.114 1.842 1.745 1.243 
9 2.114 1.841 1.745 1.243 
9 2.114 1.841 1.745 1.243 
9 2.114 1.841 1.745 1.243 
9 2.114 1.841 1.745 1.243 
9 2.113 1.841 1.744 1.243 
9 2.113 1.841 1.744 1.243 
9 2.113 1.841 1.744 1.243 
9 2.113 1.840 1.744 1.242 
9 2.113 1.840 1.744 1.242 
9 2.112 1.840 1.743 1.242 
9 2.112 1.840 1.743 1.242 
9 2.112 1.840 1.743 1.242 
9 2.112 1.840 1.743 1.242 
9 2.112 1.840 1.743 1.242 
9 2.112 1.839 1.743 1.242 
9 2.111 1.839 1.742 1.242 
9 2.111 1.839 1.742 1.242 
9 2.111 1.839 1.742 1.242 
9 2.111 1.839 1.742 1.242 
9 2.111 1.839 1.742 1.241 
9 2.111 1.839 1.741 1.241 
9 2.110 1.838 1.741 1.241 
9 2.110 1.838 1.741 1.241 
9 2.110 1.838 1.741 1.241 
9 2.110 1.838 1.741 1.241 
9 2.110 1.838 1.740 1.241 
9 2.109 1.838 1.740 1.241 
9 2.109 1.838 1.740 1.241 
9 2.109 1.837 1.740 1.241 
9 2.109 1.837 1.740 1.241 
9 2.109 1.837 1.740 1.240 
9 2.109 1.837 1.739 1.240 
9 2.108 1.837 1.739 1.240 
9 2.108 1.837 1.739 1.240 
9 2.108 1.836 1.739 1.240 
9 2.108 1.836 1.739 1.240 
9 2.108 1.836 1.738 1.240 
9 2.108 1.836 1.738 1.240 
9 2.107 1.836 1.738 1.240 
9 2.107 1.836 1.738 1.240 
9 2.107 1.836 1.738 1.240 
9 2.107 1.835 1.737 1.239 
9 2.107 1.835 1.737 1.239 
9 2.106 1.835 1.737 1.239 
9 2.106 1.835 1.737 1.239 
9 2.106 1.835 1.737 1.239 
9 2.106 1.835 1.737 1.239 
9 2.106 1.835 1.736 1.239 
9 2.106 1.834 1.736 1.239 
9 2.105 1.834 1.736 1.239 
9 2.105 1.834 1.736 1.239 
9 2.105 1.834 1.736 1.239 
9 2.105 1.834 1.735 1.238 
9 2.105 1.834 1.735 1.238 
9 2.104 1.833 1.735 1.238 
9 2.104 1.833 1.735 1.238 
9 2.104 1.833 1.735 1.238 
9 2.104 1.833 1.734 1.238 
9 2.104 1.833 1.734 1.238 
9 2.104 1.833 1.734 1.238 
9 2.103 1.833 1.734 1.238 
9 2.103 1.832 1.734 1.238 
9 2.103 1.832 1.734 1.238 
9 2.103 1.832 1.733 1.237 
9 2.103 1.832 1.733 1.237 
9 2.102 1.832 1.733 1.237 
9 2.102 1.832 1.733 1.237 
9 2.102 1.831 1.733 1.237 
9 2.102 1.831 1.732 1.237 
9 2.102 1.831 1.732 1.237 
9 2.102 1.831 1.732 1.237 
9 2.101 1.831 1.732 1.237 
9 2.101 1.831 1.732 1.237 
9 2.101 1.831 1.731 1.236 
9 2.101 1.830 1.731 1.236 
9 2.101 1.830 1.731 1.236 
9 2.100 1.830 1.731 1.236 
9 2.100 1.830 1.731 1.236 
9 2.100 1.830 1.730 1.236 
9 2.100 1.830 1.730 1.236 
9 2.100 1.829 1.730 1.236 
9 2.100 1.829 1.730 1.236 
9 2.099 1.829 1.730 1.236 
9 2.099 1.829 1.729 1.236 
9 2.099 1.829 1.729 1.235 
9 2.099 1.829 1.729 1.235 
9 2.099 1.829 1.729 1.235 
9 2.098 1.828 1.729 1.235 
9 2.098 1.828 1.729 1.235 
9 2.098 1.828 1.728 1.235 
9 2.098 1.828 1.728 1.235 
9 2.098 1.828 1.728 1.235 
9 2.097 1.828 1.728 1.235 
9 2.097 1.827 1.728 1.235 
9 2.097 1.827 1.727 1.234 
9 2.097 1.827 1.727 1.234 
9 2.097 1.827 1.727 1.234 
9 2.097 1.827 1.727 1.234 
9 2.096 1.827 1.727 1.234 
9 2.096 1.826 1.726 1.234 
9 2.096 1.826 1.726 1.234 
9 2.096 1.826 1.726 1.234 
9 2.096 1.826 1.726 1.234 
9 2.095 1.826 1.726 1.234 
9 2.095 1.826 1.725 1.233 
9 2.095 1.826 1.725 1.233 
9 2.095 1.825 1.725 1.233 
9 2.095 1.825 1.725 1.233 
9 2.095 1.825 1.725 1.233 
9 2.094 1.825 1.724 1.233 
9 2.094 1.825 1.724 1.233 
9 2.094 1.825 1.724 1.233 
9 2.094 1.824 1.724 1.233 
9 2.094 1.824 1.724 1.233 
9 2.093 1.824 1.723 1.232 
9 2.093 1.824 1.723 1.232 
9 2.093 1.824 1.723 1.232 
9 2.093 1.824 1.723 1.232 
9 2.093 1.823 1.723 1.232 
9 2.092 1.823 1.722 1.232 
9 2.092 1.823 1.722 1.232 
9 2.092 1.823 1.722 1.232 
9 2.092 1.823 1.722 1.232 
9 2.092 1.823 1.722 1.232 
9 2.091 1.823 1.721 1.232 
9 2.091 1.822 1.721 1.231 
9 2.091 1.822 1.721 1.231 
9 2.091 1.822 1.721 1.231 
9 2.091 1.822 1.721 1.231 
9 2.091 1.822 1.720 1.231 
9 2.090 1.822 1.720 1.231 
9 2.090 1.821 1.720 1.231 
9 2.090 1.821 1.720 1.231 
9 2.090 1.821 1.720 1.231 
9 2.090 1.821 1.719 1.231 
9 2.089 1.821 1.719 1.230 
9 2.089 1.821 1.719 1.230 
9 2.089 1.820 1.719 1.230 
9 2.089 1.820 1.719 1.230 
9 2.089 1.820 1.718 1.230 
9 2.088 1.820 1.718 1.230 
9 2.088 1.820 1.718 1.230 
9 2.088 1.820 1.718 1.230 
9 2.088 1.819 1.718 1.230 
9 2.088 1.819 1.717 1.229 
9 2.087 1.819 1.717 1.229 
9 2.087 1.819 1.717 1.229 
9 2.087 1.819 1.717 1.229 
9 2.087 1.819 1.717 1.229 
9 2.087 1.818 1.716 1.229 
9 2.086 1.818 1.716 1.229 
9 2.086 1.818 1.716 1.229 
9 2.086 1.818 1.716 1.229 
9 2.086 1.818 1.716 1.229 
9 2.086 1.818 1.715 1.228 
9 2.085 1.818 1.715 1.228 
9 2.085 1.817 1.715 1.228 
9 2.085 1.817 1.715 1.228 
9 2.085 1.817 1.715 1.228 
9 2.085 1.817 1.714 1.228 
9 2.085 1.817 1.714 1.228 
9 2.084 1.817 1.714 1.228 
9 2.084 1.816 1.714 1.228 
9 2.084 1.816 1.714 1.228 
9 2.084 1.816 1.713 1.227 
9 2.084 1.816 1.713 1.227 
9 2.083 1.816 1.713 1.227 
9 2.083 1.816 1.713 1.227 
9 2.083 1.815 1.713 1.227 
9 2.083 1.815 1.712 1.227 
9 2.083 1.815 1.712 1.227 
9 2.082 1.815 1.712 1.227 
9 2.082 1.815 1.712 1.227 
9 2.082 1.815 1.712 1.226 
9 2.082 1.814 1.711 1.226 
9 2.082 1.814 1.711 1.226 
9 2.081 1.814 1.711 1.226 
9 2.081 1.814 1.711 1.226 
9 2.081 1.814 1.711 1.226 
9 2.081 1.814 1.710 1.226 
9 2.081 1.813 1.710 1.226 
9 2.080 1.813 1.710 1.226 
9 2.080 1.813 1.710 1.226 
9 2.080 1.813 1.710 1.225 
9 2.080 1.813 1.709 1.225 
9 2.080 1.813 1.709 1.225 
9 2.079 1.812 1.709 1.225 
9 2.079 1.812 1.709 1.225 
9 2.079 1.812 1.709 1.225 
9 2.079 1.812 1.708 1.225 
9 2.079 1.812 1.708 1.225 
9 2.078 1.812 1.708 1.225 
9 2.078 1.811 1.708 1.224 
9 2.078 1.811 1.708 1.224 
9 2.078 1.811 1.707 1.224 
9 2.078 1.811 1.707 1.224 
9 2.077 1.811 1.707 1.224 
9 2.077 1.811 1.707 1.224 
9 2.077 1.810 1.707 1.224 
9 2.077 1.810 1.706 1.224 
9 2.077 1.810 1.706 1.224 
9 2.076 1.810 1.706 1.224 
9 2.076 1.810 1.706 1.223 
9 2.076 1.810 1.705 1.223 
9 2.076 1.809 1.705 1.223 
9 2.076 1.809 1.705 1.223 
9 2.075 1.809 1.705 1.223 
9 2.075 1.809 1.705 1.223 
9 2.075 1.809 1.704 1.223 
9 2.075 1.809 1.704 1.223 
9 2.075 1.808 1.704 1.223 
9 2.074 1.808 1.704 1.222 
9 2.074 1.808 1.704 1.222 
9 2.074 1.808 1.703 1.222 
9 2.074 1.808 1.703 1.222 
9 2.074 1.808 1.703 1.222 
9 2.073 1.807 1.703 1.222 
9 2.073 1.807 1.703 1.222 
9 2.073 1.807 1.702 1.222 
9 2.073 1.807 1.702 1.222 
9 2.073 1.807 1.702 1.221 
9 2.072 1.807 1.702 1.221 
9 2.072 1.806 1.702 1.221 
9 2.072 1.806 1.701 1.221 
9 2.072 1.806 1.701 1.221 
9 2.072 1.806 1.701 1.221 
9 2.071 1.806 1.701 1.221 
9 2.071 1.806 1.701 1.221 
9 2.071 1.805 1.700 1.221 
9 2.071 1.805 1.700 1.220 
9 2.071 1.805 1.700 1.220 
9 2.070 1.805 1.700 1.220 
9 2.070 1.805 1.699 1.220 
9 2.070 1.805 1.699 1.220 
9 2.070 1.804 1.699 1.220 
9 2.070 1.804 1.699 1.220 
9 2.069 1.804 1.699 1.220 
9 2.069 1.804 1.698 1.220 
9 2.069 1.804 1.698 1.220 
9 2.069 1.803 1.698 1.219 
9 2.069 1.803 1.698 1.219 
9 2.068 1.803 1.698 1.219 
9 2.068 1.803 1.697 1.219 
9 2.068 1.803 1.697 1.219 
9 2.068 1.803 1.697 1.219 
9 2.067 1.802 1.697 1.219 
9 2.067 1.802 1.697 1.219 
9 2.067 1.802 1.696 1.219 
9 2.067 1.802 1.696 1.218 
9 2.067 1.802 1.696 1.218 
9 2.066 1.802 1.696 1.218 
9 2.066 1.801 1.696 1.218 
9 2.066 1.801 1.695 1.218 
9 2.066 1.801 1.695 1.218 
9 2.066 1.801 1.695 1.218 
9 2.065 1.801 1.695 1.218 
9 2.065 1.801 1.694 1.217 
9 2.065 1.800 1.694 1.217 
9 2.065 1.800 1.694 1.217 
9 2.065 1.800 1.694 1.217 
9 2.064 1.800 1.694 1.217 
9 2.064 1.800 1.693 1.217 
9 2.064 1.800 1.693 1.217 
9 2.064 1.799 1.693 1.217 
9 2.064 1.799 1.693 1.217 
9 2.063 1.799 1.693 1.216 
9 2.063 1.799 1.692 1.216 
9 2.063 1.799 1.692 1.216 
9 2.063 1.799 1.692 1.216 
9 2.063 1.798 1.692 1.216 
9 2.062 1.798 1.691 1.216 
9 2.062 1.798 1.691 1.216 
9 2.062 1.798 1.691 1.216 
9 2.062 1.798 1.691 1.216 
9 2.061 1.797 1.691 1.215 
9 2.061 1.797 1.690 1.215 
9 2.061 1.797 1.690 1.215 
9 2.061 1.797 1.690 1.215 
9 2.061 1.797 1.690 1.215 
9 2.060 1.797 1.690 1.215 
9 2.060 1.796 1.689 1.215 
9 2.060 1.796 1.689 1.215 
9 2.060 1.796 1.689 1.215 
9 2.060 1.796 1.689 1.214 
9 2.059 1.796 1.689 1.214 
9 2.059 1.796 1.688 1.214 
9 2.059 1.795 1.688 1.214 
9 2.059 1.795 1.688 1.214 
9 2.059 1.795 1.688 1.214 
9 2.058 1.795 1.687 1.214 
9 2.058 1.795 1.687 1.214 
9 2.058 1.795 1.687 1.214 
9 2.058 1.794 1.687 1.213 
9 2.058 1.794 1.687 1.213 
9 2.057 1.794 1.686 1.213 
9 2.057 1.794 1.686 1.213 
9 2.057 1.794 1.686 1.213 
9 2.057 1.793 1.686 1.213 
9 2.056 1.793 1.686 1.213 
9 2.056 1.793 1.685 1.213 
9 2.056 1.793 1.685 1.212 
9 2.056 1.793 1.685 1.212 
9 2.056 1.793 1.685 1.212 
9 2.055 1.792 1.684 1.212 
9 2.055 1.792 1.684 1.212 
9 2.055 1.792 1.684 1.212 
9 2.055 1.792 1.684 1.212 
9 2.055 1.792 1.684 1.212 
9 2.054 1.792 1.683 1.212 
9 2.054 1.791 1.683 1.211 
9 2.054 1.791 1.683 1.211 
9 2.054 1.791 1.683 1.211 
9 2.053 1.791 1.683 1.211 
9 2.053 1.791 1.682 1.211 
9 2.053 1.790 1.682 1.211 
9 2.053 1.790 1.682 1.211 
9 2.053 1.790 1.682 1.211 
9 2.052 1.790 1.681 1.211 
9 2.052 1.790 1.681 1.210 
9 2.052 1.790 1.681 1.210 
9 2.052 1.789 1.681 1.210 
9 2.052 1.789 1.681 1.210 
9 2.051 1.789 1.680 1.210 
9 2.051 1.789 1.680 1.210 
9 2.051 1.789 1.680 1.210 
9 2.051 1.789 1.680 1.210 
9 2.051 1.788 1.680 1.209 
9 2.050 1.788 1.679 1.209 
9 2.050 1.788 1.679 1.209 
9 2.050 1.788 1.679 1.209 
9 2.050 1.788 1.679 1.209 
9 2.049 1.787 1.678 1.209 
9 2.049 1.787 1.678 1.209 
9 2.049 1.787 1.678 1.209 
9 2.049 1.787 1.678 1.209 
9 2.049 1.787 1.678 1.208 
9 2.048 1.787 1.677 1.208 
9 2.048 1.786 1.677 1.208 
9 2.048 1.786 1.677 1.208 
9 2.048 1.786 1.677 1.208 
9 2.048 1.786 1.676 1.208 
9 2.047 1.786 1.676 1.208 
9 2.047 1.786 1.676 1.208 
9 2.047 1.785 1.676 1.207 
9 2.047 1.785 1.676 1.207 
9 2.046 1.785 1.675 1.207 
9 2.046 1.785 1.675 1.207 
9 2.046 1.785 1.675 1.207 
9 2.046 1.784 1.675 1.207 
9 2.046 1.784 1.675 1.207 
9 2.045 1.784 1.674 1.207 
9 2.045 1.784 1.674 1.206 
9 2.045 1.784 1.674 1.206 
9 2.045 1.784 1.674 1.206 
9 2.045 1.783 1.673 1.206 
9 2.044 1.783 1.673 1.206 
9 2.044 1.783 1.673 1.206 
9 2.044 1.783 1.673 1.206 
9 2.044 1.783 1.673 1.206 
9 2.043 1.782 1.672 1.206 
9 2.043 1.782 1.672 1.205 
9 2.043 1.782 1.672 1.205 
9 2.043 1.782 1.672 1.205 
9 2.043 1.782 1.671 1.205 
9 2.042 1.782 1.671 1.205 
9 2.042 1.781 1.671 1.205 
9 2.042 1.781 1.671 1.205 
9 2.042 1.781 1.671 1.205 
9 2.041 1.781 1.670 1.204 
9 2.041 1.781 1.670 1.204 
9 2.041 1.780 1.670 1.204 
9 2.041 1.780 1.670 1.204 
9 2.041 1.780 1.669 1.204 
9 2.040 1.780 1.669 1.204 
9 2.040 1.780 1.669 1.204 
9 2.040 1.780 1.669 1.204 
9 2.040 1.779 1.669 1.203 
9 2.040 1.779 1.668 1.203 
9 2.039 1.779 1.668 1.203 
9 2.039 1.779 1.668 1.203 
9 2.039 1.779 1.668 1.203 
9 2.039 1.778 1.668 1.203 
9 2.038 1.778 1.667 1.203 
9 2.038 1.778 1.667 1.203 
9 2.038 1.778 1.667 1.203 
9 2.038 1.778 1.667 1.202 
9 2.038 1.778 1.666 1.202 
9 2.037 1.777 1.666 1.202 
9 2.037 1.777 1.666 1.202 
9 2.037 1.777 1.666 1.202 
9 2.037 1.777 1.666 1.202 
9 2.036 1.777 1.665 1.202 
9 2.036 1.777 1.665 1.202 
9 2.036 1.776 1.665 1.201 
9 2.036 1.776 1.665 1.201 
9 2.036 1.776 1.664 1.201 
9 2.035 1.776 1.664 1.201 
9 2.035 1.776 1.664 1.201 
9 2.035 1.775 1.664 1.201 
9 2.035 1.775 1.664 1.201 
9 2.034 1.775 1.663 1.201 
9 2.034 1.775 1.663 1.200 
9 2.034 1.775 1.663 1.200 
9 2.034 1.775 1.663 1.200 
9 2.034 1.774 1.662 1.200 
9 2.033 1.774 1.662 1.200 
9 2.033 1.774 1.662 1.200 
9 2.033 1.774 1.662 1.200 
9 2.033 1.774 1.662 1.200 
9 2.032 1.773 1.661 1.199 
9 2.032 1.773 1.661 1.199 
9 2.032 1.773 1.661 1.199 
9 2.032 1.773 1.661 1.199 
9 2.032 1.773 1.660 1.199 
9 2.031 1.773 1.660 1.199 
9 2.031 1.772 1.660 1.199 
9 2.031 1.772 1.660 1.199 
9 2.031 1.772 1.660 1.198 
9 2.031 1.772 1.659 1.198 
9 2.030 1.772 1.659 1.198 
9 2.030 1.771 1.659 1.198 
9 2.030 1.771 1.659 1.198 
9 2.030 1.771 1.658 1.198 
9 2.029 1.771 1.658 1.198 
9 2.029 1.771 1.658 1.198 
9 2.029 1.770 1.658 1.197 
9 2.029 1.770 1.658 1.197 
9 2.029 1.770 1.657 1.197 
9 2.028 1.770 1.657 1.197 
9 2.028 1.770 1.657 1.197 
9 2.028 1.770 1.657 1.197 
9 2.028 1.769 1.656 1.197 
9 2.027 1.769 1.656 1.197 
9 2.027 1.769 1.656 1.196 
9 2.027 1.769 1.656 1.196 
9 2.027 1.769 1.656 1.196 
9 2.027 1.768 1.655 1.196 
9 2.026 1.768 1.655 1.196 
9 2.026 1.768 1.655 1.196 
9 2.026 1.768 1.655 1.196 
9 2.026 1.768 1.654 1.196 
9 2.025 1.768 1.654 1.195 
9 2.025 1.767 1.654 1.195 
9 2.025 1.767 1.654 1.195 
9 2.025 1.767 1.654 1.195 
9 2.025 1.767 1.653 1.195 
9 2.024 1.767 1.653 1.195 
9 2.024 1.766 1.653 1.195 
9 2.024 1.766 1.653 1.195 
9 2.024 1.766 1.652 1.194 
9 2.023 1.766 1.652 1.194 
9 2.023 1.766 1.652 1.194 
9 2.023 1.766 1.652 1.194 
9 2.023 1.765 1.651 1.194 
9 2.022 1.765 1.651 1.194 
9 2.022 1.765 1.651 1.194 
9 2.022 1.765 1.651 1.194 
9 2.022 1.765 1.651 1.193 
9 2.022 1.764 1.650 1.193 
9 2.021 1.764 1.650 1.193 
9 2.021 1.764 1.650 1.193 
9 2.021 1.764 1.650 1.193 
9 2.021 1.764 1.649 1.193 
9 2.020 1.763 1.649 1.193 
9 2.020 1.763 1.649 1.193 
9 2.020 1.763 1.649 1.192 
9 2.020 1.763 1.649 1.192 
9 2.020 1.763 1.648 1.192 
9 2.019 1.763 1.648 1.192 
9 2.019 1.762 1.648 1.192 
9 2.019 1.762 1.648 1.192 
9 2.019 1.762 1.647 1.192 
9 2.018 1.762 1.647 1.192 
9 2.018 1.762 1.647 1.191 
9 2.018 1.761 1.647 1.191 
9 2.018 1.761 1.647 1.191 
9 2.018 1.761 1.646 1.191 
9 2.017 1.761 1.646 1.191 
9 2.017 1.761 1.646 1.191 
9 2.017 1.761 1.646 1.191 
9 2.017 1.760 1.645 1.191 
9 2.016 1.760 1.645 1.190 
9 2.016 1.760 1.645 1.190 
9 2.016 1.760 1.645 1.190 
9 2.016 1.760 1.645 1.190 
9 2.016 1.759 1.644 1.190 
9 2.015 1.759 1.644 1.190 
9 2.015 1.759 1.644 1.190 
9 2.015 1.759 1.644 1.189 
9 2.015 1.759 1.643 1.189 
9 2.014 1.758 1.643 1.189 
9 2.014 1.758 1.643 1.189 
9 2.014 1.758 1.643 1.189 
9 2.014 1.758 1.642 1.189 
9 2.013 1.758 1.642 1.189 
9 2.013 1.758 1.642 1.189 
9 2.013 1.757 1.642 1.188 
9 2.013 1.757 1.642 1.188 
9 2.013 1.757 1.641 1.188 
9 2.012 1.757 1.641 1.188 
9 2.012 1.757 1.641 1.188 
9 2.012 1.756 1.641 1.188 
9 2.012 1.756 1.640 1.188 
9 2.011 1.756 1.640 1.188 
9 2.011 1.756 1.640 1.187 
9 2.011 1.756 1.640 1.187 
9 2.011 1.755 1.640 1.187 
9 2.011 1.755 1.639 1.187 
9 2.010 1.755 1.639 1.187 
9 2.010 1.755 1.639 1.187 
9 2.010 1.755 1.639 1.187 
9 2.010 1.755 1.638 1.187 
9 2.009 1.754 1.638 1.186 
9 2.009 1.754 1.638 1.186 
9 2.009 1.754 1.638 1.186 
9 2.009 1.754 1.637 1.186 
9 2.008 1.754 1.637 1.186 
9 2.008 1.753 1.637 1.186 
9 2.008 1.753 1.637 1.186 
9 2.008 1.753 1.637 1.185 
9 2.008 1.753 1.636 1.185 
9 2.007 1.753 1.636 1.185 
9 2.007 1.752 1.636 1.185 
9 2.007 1.752 1.636 1.185 
9 2.007 1.752 1.635 1.185 
9 2.006 1.752 1.635 1.185 
9 2.006 1.752 1.635 1.185 
9 2.006 1.752 1.635 1.184 
9 2.006 1.751 1.635 1.184 
9 2.006 1.751 1.634 1.184 
9 2.005 1.751 1.634 1.184 
9 2.005 1.751 1.634 1.184 
9 2.005 1.751 1.634 1.184 
9 2.005 1.750 1.633 1.184 
9 2.004 1.750 1.633 1.184 
9 2.004 1.750 1.633 1.183 
9 2.004 1.750 1.633 1.183 
9 2.004 1.750 1.632 1.183 
9 2.003 1.749 1.632 1.183 
9 2.003 1.749 1.632 1.183 
9 2.003 1.749 1.632 1.183 
9 2.003 1.749 1.632 1.183 
9 2.003 1.749 1.631 1.182 
9 2.002 1.749 1.631 1.182 
9 2.002 1.748 1.631 1.182 
9 2.002 1.748 1.631 1.182 
9 2.002 1.748 1.630 1.182 
9 2.001 1.748 1.630 1.182 
9 2.001 1.748 1.630 1.182 
9 2.001 1.747 1.630 1.182 
9 2.001 1.747 1.629 1.181 
9 2.000 1.747 1.629 1.181 
9 2.000 1.747 1.629 1.181 
9 2.000 1.747 1.629 1.181 
9 2.000 1.746 1.629 1.181 
9 2.000 1.746 1.628 1.181 
9 1.999 1.746 1.628 1.181 
9 1.999 1.746 1.628 1.181 
9 1.999 1.746 1.628 1.180 
9 1.999 1.745 1.627 1.180 
9 1.998 1.745 1.627 1.180 
9 1.998 1.745 1.627 1.180 
9 1.998 1.745 1.627 1.180 
9 1.998 1.745 1.627 1.180 
9 1.997 1.745 1.626 1.180 
9 1.997 1.744 1.626 1.179 
9 1.997 1.744 1.626 1.179 
9 1.997 1.744 1.626 1.179 
9 1.997 1.744 1.625 1.179 
9 1.996 1.744 1.625 1.179 
9 1.996 1.743 1.625 1.179 
9 1.996 1.743 1.625 1.179 
9 1.996 1.743 1.624 1.179 
9 1.995 1.743 1.624 1.178 
9 1.995 1.743 1.624 1.178 
9 1.995 1.742 1.624 1.178 
9 1.995 1.742 1.624 1.178 
9 1.994 1.742 1.623 1.178 
9 1.994 1.742 1.623 1.178 
9 1.994 1.742 1.623 1.178 
9 1.994 1.742 1.623 1.177 
9 1.994 1.741 1.622 1.177 
9 1.993 1.741 1.622 1.177 
9 1.993 1.741 1.622 1.177 
9 1.993 1.741 1.622 1.177 
9 1.993 1.741 1.621 1.177 
9 1.992 1.740 1.621 1.177 
9 1.992 1.740 1.621 1.177 
9 1.992 1.740 1.621 1.176 
9 1.992 1.740 1.621 1.176 
9 1.991 1.740 1.620 1.176 
9 1.991 1.739 1.620 1.176 
9 1.991 1.739 1.620 1.176 
9 1.991 1.739 1.620 1.176 
9 1.991 1.739 1.619 1.176 
9 1.990 1.739 1.619 1.175 
9 1.990 1.738 1.619 1.175 
9 1.990 1.738 1.619 1.175 
9 1.990 1.738 1.618 1.175 
9 1.989 1.738 1.618 1.175 
9 1.989 1.738 1.618 1.175 
9 1.989 1.738 1.618 1.175 
9 1.989 1.737 1.618 1.175 
9 1.988 1.737 1.617 1.174 
9 1.988 1.737 1.617 1.174 
9 1.988 1.737 1.617 1.174 
9 1.988 1.737 1.617 1.174 
9 1.988 1.736 1.616 1.174 
9 1.987 1.736 1.616 1.174 
9 1.987 1.736 1.616 1.174 
9 1.987 1.736 1.616 1.173 
9 1.987 1.736 1.615 1.173 
9 1.986 1.735 1.615 1.173 
9 1.986 1.735 1.615 1.173 
9 1.986 1.735 1.615 1.173 
9 1.986 1.735 1.615 1.173 
9 1.985 1.735 1.614 1.173 
9 1.985 1.734 1.614 1.173 
9 1.985 1.734 1.614 1.172 
9 1.985 1.734 1.614 1.172 
9 1.985 1.734 1.613 1.172 
9 1.984 1.734 1.613 1.172 
9 1.984 1.734 1.613 1.172 
9 1.984 1.733 1.613 1.172 
9 1.984 1.733 1.612 1.172 
9 1.983 1.733 1.612 1.171 
9 1.983 1.733 1.612 1.171 
9 1.983 1.733 1.612 1.171 
9 1.983 1.732 1.612 1.171 
9 1.982 1.732 1.611 1.171 
9 1.982 1.732 1.611 1.171 
9 1.982 1.732 1.611 1.171 
9 1.982 1.732 1.611 1.170 
9 1.981 1.731 1.610 1.170 
9 1.981 1.731 1.610 1.170 
9 1.981 1.731 1.610 1.170 
9 1.981 1.731 1.610 1.170 
9 1.981 1.731 1.609 1.170 
9 1.980 1.730 1.609 1.170 
9 1.980 1.730 1.609 1.170 
9 1.980 1.730 1.609 1.169 
9 1.980 1.730 1.609 1.169 
9 1.979 1.730 1.608 1.169 
9 1.979 1.729 1.608 1.169 
9 1.979 1.729 1.608 1.169 
9 1.979 1.729 1.608 1.169 
9 1.978 1.729 1.607 1.169 
9 1.978 1.729 1.607 1.168 
9 1.978 1.729 1.607 1.168 
9 1.978 1.728 1.607 1.168 
9 1.977 1.728 1.606 1.168 
9 1.977 1.728 1.606 1.168 
9 1.977 1.728 1.606 1.168 
9 1.977 1.728 1.606 1.168 
9 1.977 1.727 1.606 1.167 
9 1.976 1.727 1.605 1.167 
9 1.976 1.727 1.605 1.167 
9 1.976 1.727 1.605 1.167 
9 1.976 1.727 1.605 1.167 
9 1.975 1.726 1.604 1.167 
9 1.975 1.726 1.604 1.167 
9 1.975 1.726 1.604 1.167 
9 1.975 1.726 1.604 1.166 
9 1.974 1.726 1.603 1.166 
9 1.974 1.725 1.603 1.166 
9 1.974 1.725 1.603 1.166 
9 1.974 1.725 1.603 1.166 
9 1.974 1.725 1.602 1.166 
9 1.973 1.725 1.602 1.166 
9 1.973 1.724 1.602 1.165 
9 1.973 1.724 1.602 1.165 
9 1.973 1.724 1.602 1.165 
9 1.972 1.724 1.601 1.165 
9 1.972 1.724 1.601 1.165 
9 1.972 1.724 1.601 1.165 
9 1.972 1.723 1.601 1.165 
9 1.971 1.723 1.600 1.164 
9 1.971 1.723 1.600 1.164 
9 1.971 1.723 1.600 1.164 
9 1.971 1.723 1.600 1.164 
9 1.970 1.722 1.599 1.164 
9 1.970 1.722 1.599 1.164 
9 1.970 1.722 1.599 1.164 
9 1.970 1.722 1.599 1.164 
9 1.970 1.722 1.599 1.163 
9 1.969 1.721 1.598 1.163 
9 1.969 1.721 1.598 1.163 
9 1.969 1.721 1.598 1.163 
9 1.969 1.721 1.598 1.163 
9 1.968 1.721 1.597 1.163 
9 1.968 1.720 1.597 1.163 
9 1.968 1.720 1.597 1.162 
9 1.968 1.720 1.597 1.162 
9 1.967 1.720 1.596 1.162 
9 1.967 1.720 1.596 1.162 
9 1.967 1.719 1.596 1.162 
9 1.967 1.719 1.596 1.162 
9 1.966 1.719 1.596 1.162 
9 1.966 1.719 1.595 1.161 
9 1.966 1.719 1.595 1.161 
9 1.966 1.719 1.595 1.161 
9 1.966 1.718 1.595 1.161 
9 1.965 1.718 1.594 1.161 
9 1.965 1.718 1.594 1.161 
9 1.965 1.718 1.594 1.161 
9 1.965 1.718 1.594 1.160 
9 1.964 1.717 1.593 1.160 
9 1.964 1.717 1.593 1.160 
9 1.964 1.717 1.593 1.160 
9 1.964 1.717 1.593 1.160 
9 1.963 1.717 1.592 1.160 
9 1.963 1.716 1.592 1.160 
9 1.963 1.716 1.592 1.160 
9 1.963 1.716 1.592 1.159 
9 1.962 1.716 1.592 1.159 
9 1.962 1.716 1.591 1.159 
9 1.962 1.715 1.591 1.159 
9 1.962 1.715 1.591 1.159 
9 1.961 1.715 1.591 1.159 
9 1.961 1.715 1.590 1.159 
9 1.961 1.715 1.590 1.158 
9 1.961 1.714 1.590 1.158 
9 1.961 1.714 1.590 1.158 
9 1.960 1.714 1.589 1.158 
9 1.960 1.714 1.589 1.158 
9 1.960 1.714 1.589 1.158 
9 1.960 1.713 1.589 1.158 
9 1.959 1.713 1.589 1.157 
9 1.959 1.713 1.588 1.157 
9 1.959 1.713 1.588 1.157 
9 1.959 1.713 1.588 1.157 
9 1.958 1.713 1.588 1.157 
9 1.958 1.712 1.587 1.157 
9 1.958 1.712 1.587 1.157 
9 1.958 1.712 1.587 1.156 
9 1.957 1.712 1.587 1.156 
9 1.957 1.712 1.586 1.156 
9 1.957 1.711 1.586 1.156 
9 1.957 1.711 1.586 1.156 
9 1.957 1.711 1.586 1.156 
9 1.956 1.711 1.585 1.156 
9 1.956 1.711 1.585 1.155 
9 1.956 1.710 1.585 1.155 
9 1.956 1.710 1.585 1.155 
9 1.955 1.710 1.585 1.155 
9 1.955 1.710 1.584 1.155 
9 1.955 1.710 1.584 1.155 
9 1.955 1.709 1.584 1.155 
9 1.954 1.709 1.584 1.155 
9 1.954 1.709 1.583 1.154 
9 1.954 1.709 1.583 1.154 
9 1.954 1.709 1.583 1.154 
9 1.953 1.708 1.583 1.154 
9 1.953 1.708 1.582 1.154 
9 1.953 1.708 1.582 1.154 
9 1.953 1.708 1.582 1.154 
9 1.952 1.708 1.582 1.153 
9 1.952 1.707 1.581 1.153 
9 1.952 1.707 1.581 1.153 
9 1.952 1.707 1.581 1.153 
9 1.952 1.707 1.581 1.153 
9 1.951 1.707 1.581 1.153 
9 1.951 1.707 1.580 1.153 
9 1.951 1.706 1.580 1.152 
9 1.951 1.706 1.580 1.152 
9 1.950 1.706 1.580 1.152 
9 1.950 1.706 1.579 1.152 
9 1.950 1.706 1.579 1.152 
9 1.950 1.705 1.579 1.152 
9 1.949 1.705 1.579 1.152 
9 1.949 1.705 1.578 1.151 
9 1.949 1.705 1.578 1.151 
9 1.949 1.705 1.578 1.151 
9 1.948 1.704 1.578 1.151 
9 1.948 1.704 1.578 1.151 
9 1.948 1.704 1.577 1.151 
9 1.948 1.704 1.577 1.151 
9 1.948 1.704 1.577 1.150 
9 1.947 1.703 1.577 1.150 
9 1.947 1.703 1.576 1.150 
9 1.947 1.703 1.576 1.150 
9 1.947 1.703 1.576 1.150 
9 1.946 1.703 1.576 1.150 
9 1.946 1.702 1.575 1.150 
9 1.946 1.702 1.575 1.149 
9 1.946 1.702 1.575 1.149 
9 1.945 1.702 1.575 1.149 
9 1.945 1.702 1.574 1.149 
9 1.945 1.701 1.574 1.149 
9 1.945 1.701 1.574 1.149 
9 1.944 1.701 1.574 1.149 
9 1.944 1.701 1.574 1.148 
9 1.944 1.701 1.573 1.148 
9 1.944 1.701 1.573 1.148 
9 1.943 1.700 1.573 1.148 
9 1.943 1.700 1.573 1.148 
9 1.943 1.700 1.572 1.148 
9 1.943 1.700 1.572 1.148 
9 1.943 1.700 1.572 1.148 
9 1.942 1.699 1.572 1.147 
9 1.942 1.699 1.571 1.147 
9 1.942 1.699 1.571 1.147 
9 1.942 1.699 1.571 1.147 
9 1.941 1.699 1.571 1.147 
9 1.941 1.698 1.570 1.147 
9 1.941 1.698 1.570 1.147 
9 1.941 1.698 1.570 1.146 
9 1.940 1.698 1.570 1.146 
9 1.940 1.698 1.570 1.146 
9 1.940 1.697 1.569 1.146 
9 1.940 1.697 1.569 1.146 
9 1.939 1.697 1.569 1.146 
9 1.939 1.697 1.569 1.146 
9 1.939 1.697 1.568 1.145 
9 1.939 1.696 1.568 1.145 
9 1.938 1.696 1.568 1.145 
9 1.938 1.696 1.568 1.145 
9 1.938 1.696 1.567 1.145 
9 1.938 1.696 1.567 1.145 
9 1.938 1.695 1.567 1.145 
9 1.937 1.695 1.567 1.144 
9 1.937 1.695 1.567 1.144 
9 1.937 1.695 1.566 1.144 
9 1.937 1.695 1.566 1.144 
9 1.936 1.694 1.566 1.144 
9 1.936 1.694 1.566 1.144 
9 1.936 1.694 1.565 1.144 
9 1.936 1.694 1.565 1.143 
9 1.935 1.694 1.565 1.143 
9 1.935 1.694 1.565 1.143 
9 1.935 1.693 1.564 1.143 
9 1.935 1.693 1.564 1.143 
9 1.934 1.693 1.564 1.143 
9 1.934 1.693 1.564 1.143 
9 1.934 1.693 1.563 1.142 
9 1.934 1.692 1.563 1.142 
9 1.933 1.692 1.563 1.142 
9 1.933 1.692 1.563 1.142 
9 1.933 1.692 1.563 1.142 
9 1.933 1.692 1.562 1.142 
9 1.933 1.691 1.562 1.142 
9 1.932 1.691 1.562 1.141 
9 1.932 1.691 1.562 1.141 
9 1.932 1.691 1.561 1.141 
9 1.932 1.691 1.561 1.141 
9 1.931 1.690 1.561 1.141 
9 1.931 1.690 1.561 1.141 
9 1.931 1.690 1.560 1.141 
9 1.931 1.690 1.560 1.140 
9 1.930 1.690 1.560 1.140 
9 1.930 1.689 1.560 1.140 
9 1.930 1.689 1.559 1.140 
9 1.930 1.689 1.559 1.140 
9 1.929 1.689 1.559 1.140 
9 1.929 1.689 1.559 1.140 
9 1.929 1.688 1.559 1.139 
9 1.929 1.688 1.558 1.139 
9 1.928 1.688 1.558 1.139 
9 1.928 1.688 1.558 1.139 
9 1.928 1.688 1.558 1.139 
9 1.928 1.688 1.557 1.139 
9 1.928 1.687 1.557 1.139 
9 1.927 1.687 1.557 1.138 
9 1.927 1.687 1.557 1.138 
9 1.927 1.687 1.556 1.138 
9 1.927 1.687 1.556 1.138 
9 1.926 1.686 1.556 1.138 
9 1.926 1.686 1.556 1.138 
9 1.926 1.686 1.555 1.138 
9 1.926 1.686 1.555 1.137 
9 1.925 1.686 1.555 1.137 
9 1.925 1.685 1.555 1.137 
9 1.925 1.685 1.555 1.137 
9 1.925 1.685 1.554 1.137 
9 1.924 1.685 1.554 1.137 
9 1.924 1.685 1.554 1.137 
9 1.924 1.684 1.554 1.136 
9 1.924 1.684 1.553 1.136 
9 1.923 1.684 1.553 1.136 
9 1.923 1.684 1.553 1.136 
9 1.923 1.684 1.553 1.136 
9 1.923 1.683 1.552 1.136 
9 1.922 1.683 1.552 1.136 
9 1.922 1.683 1.552 1.135 
9 1.922 1.683 1.552 1.135 
9 1.922 1.683 1.551 1.135 
9 1.922 1.682 1.551 1.135 
9 1.921 1.682 1.551 1.135 
9 1.921 1.682 1.551 1.135 
9 1.921 1.682 1.551 1.135 
9 1.921 1.682 1.550 1.134 
9 1.920 1.681 1.550 1.134 
9 1.920 1.681 1.550 1.134 
9 1.920 1.681 1.550 1.134 
9 1.920 1.681 1.549 1.134 
9 1.919 1.681 1.549 1.134 
9 1.919 1.681 1.549 1.134 
9 1.919 1.680 1.549 1.133 
9 1.919 1.680 1.548 1.133 
9 1.918 1.680 1.548 1.133 
9 1.918 1.680 1.548 1.133 
9 1.918 1.680 1.548 1.133 
9 1.918 1.679 1.548 1.133 
9 1.917 1.679 1.547 1.133 
9 1.917 1.679 1.547 1.132 
9 1.917 1.679 1.547 1.132 
9 1.917 1.679 1.547 1.132 
9 1.917 1.678 1.546 1.132 
9 1.916 1.678 1.546 1.132 
9 1.916 1.678 1.546 1.132 
9 1.916 1.678 1.546 1.132 
9 1.916 1.678 1.545 1.131 
9 1.915 1.677 1.545 1.131 
9 1.915 1.677 1.545 1.131 
9 1.915 1.677 1.545 1.131 
9 1.915 1.677 1.544 1.131 
9 1.914 1.677 1.544 1.131 
9 1.914 1.676 1.544 1.131 
9 1.914 1.676 1.544 1.130 
9 1.914 1.676 1.544 1.130 
9 1.913 1.676 1.543 1.130 
9 1.913 1.676 1.543 1.130 
9 1.913 1.675 1.543 1.130 
9 1.913 1.675 1.543 1.130 
9 1.912 1.675 1.542 1.130 
9 1.912 1.675 1.542 1.129 
9 1.912 1.675 1.542 1.129 
9 1.912 1.675 1.542 1.129 
9 1.912 1.674 1.541 1.129 
9 1.911 1.674 1.541 1.129 
9 1.911 1.674 1.541 1.129 
9 1.911 1.674 1.541 1.129 
9 1.911 1.674 1.540 1.128 
9 1.910 1.673 1.540 1.128 
9 1.910 1.673 1.540 1.128 
9 1.910 1.673 1.540 1.128 
9 1.910 1.673 1.540 1.128 
9 1.909 1.673 1.539 1.128 
9 1.909 1.672 1.539 1.128 
9 1.909 1.672 1.539 1.127 
9 1.909 1.672 1.539 1.127 
9 1.908 1.672 1.538 1.127 
9 1.908 1.672 1.538 1.127 
9 1.908 1.671 1.538 1.127 
9 1.908 1.671 1.538 1.127 
9 1.907 1.671 1.537 1.127 
9 1.907 1.671 1.537 1.126 
9 1.907 1.671 1.537 1.126 
9 1.907 1.670 1.537 1.126 
9 1.906 1.670 1.536 1.126 
9 1.906 1.670 1.536 1.126 
9 1.906 1.670 1.536 1.126 
9 1.906 1.670 1.536 1.126 
9 1.906 1.669 1.536 1.125 
9 1.905 1.669 1.535 1.125 
9 1.905 1.669 1.535 1.125 
9 1.905 1.669 1.535 1.125 
9 1.905 1.669 1.535 1.125 
9 1.904 1.668 1.534 1.125 
9 1.904 1.668 1.534 1.125 
9 1.904 1.668 1.534 1.124 
9 1.904 1.668 1.534 1.124 
9 1.903 1.668 1.533 1.124 
9 1.903 1.668 1.533 1.124 
9 1.903 1.667 1.533 1.124 
9 1.903 1.667 1.533 1.124 
9 1.902 1.667 1.533 1.124 
9 1.902 1.667 1.532 1.123 
9 1.902 1.667 1.532 1.123 
9 1.902 1.666 1.532 1.123 
9 1.901 1.666 1.532 1.123 
9 1.901 1.666 1.531 1.123 
9 1.901 1.666 1.531 1.123 
9 1.901 1.666 1.531 1.123 
9 1.901 1.665 1.531 1.122 
9 1.900 1.665 1.530 1.122 
9 1.900 1.665 1.530 1.122 
9 1.900 1.665 1.530 1.122 
9 1.900 1.665 1.530 1.122 
9 1.899 1.664 1.529 1.122 
9 1.899 1.664 1.529 1.122 
9 1.899 1.664 1.529 1.121 
9 1.899 1.664 1.529 1.121 
9 1.898 1.664 1.529 1.121 
9 1.898 1.663 1.528 1.121 
9 1.898 1.663 1.528 1.121 
9 1.898 1.663 1.528 1.121 
9 1.897 1.663 1.528 1.121 
9 1.897 1.663 1.527 1.120 
9 1.897 1.662 1.527 1.120 
9 1.897 1.662 1.527 1.120 
9 1.896 1.662 1.527 1.120 
9 1.896 1.662 1.526 1.120 
9 1.896 1.662 1.526 1.120 
9 1.896 1.662 1.526 1.120 
9 1.896 1.661 1.526 1.119 
9 1.895 1.661 1.525 1.119 
9 1.895 1.661 1.525 1.119 
9 1.895 1.661 1.525 1.119 
9 1.895 1.661 1.525 1.119 
9 1.894 1.660 1.525 1.119 
9 1.894 1.660 1.524 1.118 
9 1.894 1.660 1.524 1.118 
9 1.894 1.660 1.524 1.118 
9 1.893 1.660 1.524 1.118 
9 1.893 1.659 1.523 1.118 
9 1.893 1.659 1.523 1.118 
9 1.893 1.659 1.523 1.118 
9 1.892 1.659 1.523 1.117 
9 1.892 1.659 1.522 1.117 
9 1.892 1.658 1.522 1.117 
9 1.892 1.658 1.522 1.117 
9 1.891 1.658 1.522 1.117 
9 1.891 1.658 1.522 1.117 
9 1.891 1.658 1.521 1.117 
9 1.891 1.657 1.521 1.116 
9 1.890 1.657 1.521 1.116 
9 1.890 1.657 1.521 1.116 
9 1.890 1.657 1.520 1.116 
9 1.890 1.657 1.520 1.116 
9 1.890 1.657 1.520 1.116 
9 1.889 1.656 1.520 1.116 
9 1.889 1.656 1.519 1.115 
9 1.889 1.656 1.519 1.115 
9 1.889 1.656 1.519 1.115 
9 1.888 1.656 1.519 1.115 
9 1.888 1.655 1.518 1.115 
9 1.888 1.655 1.518 1.115 
9 1.888 1.655 1.518 1.115 
9 1.887 1.655 1.518 1.114 
9 1.887 1.655 1.518 1.114 
9 1.887 1.654 1.517 1.114 
9 1.887 1.654 1.517 1.114 
9 1.886 1.654 1.517 1.114 
9 1.886 1.654 1.517 1.114 
9 1.886 1.654 1.516 1.114 
9 1.886 1.653 1.516 1.113 
9 1.885 1.653 1.516 1.113 
9 1.885 1.653 1.516 1.113 
9 1.885 1.653 1.515 1.113 
9 1.885 1.653 1.515 1.113 
9 1.885 1.652 1.515 1.113 
9 1.884 1.652 1.515 1.113 
9 1.884 1.652 1.515 1.112 
9 1.884 1.652 1.514 1.112 
9 1.884 1.652 1.514 1.112 
9 1.883 1.652 1.514 1.112 
9 1.883 1.651 1.514 1.112 
9 1.883 1.651 1.513 1.112 
9 1.883 1.651 1.513 1.112 
9 1.882 1.651 1.513 1.111 
9 1.882 1.651 1.513 1.111 
9 1.882 1.650 1.512 1.111 
9 1.882 1.650 1.512 1.111 
9 1.881 1.650 1.512 1.111 
9 1.881 1.650 1.512 1.111 
9 1.881 1.650 1.512 1.111 
9 1.881 1.649 1.511 1.110 
9 1.881 1.649 1.511 1.110 
9 1.880 1.649 1.511 1.110 
9 1.880 1.649 1.511 1.110 
9 1.880 1.649 1.510 1.110 
9 1.880 1.648 1.510 1.110 
9 1.879 1.648 1.510 1.110 
9 1.879 1.648 1.510 1.109 
9 1.879 1.648 1.509 1.109 
9 1.879 1.648 1.509 1.109 
9 1.878 1.647 1.509 1.109 
9 1.878 1.647 1.509 1.109 
9 1.878 1.647 1.508 1.109 
9 1.878 1.647 1.508 1.109 
9 1.877 1.647 1.508 1.108 
9 1.877 1.647 1.508 1.108 
9 1.877 1.646 1.508 1.108 
9 1.877 1.646 1.507 1.108 
9 1.876 1.646 1.507 1.108 
9 1.876 1.646 1.507 1.108 
9 1.876 1.646 1.507 1.107 
9 1.876 1.645 1.506 1.107 
9 1.876 1.645 1.506 1.107 
9 1.875 1.645 1.506 1.107 
9 1.875 1.645 1.506 1.107 
9 1.875 1.645 1.505 1.107 
9 1.875 1.644 1.505 1.107 
9 1.874 1.644 1.505 1.106 
9 1.874 1.644 1.505 1.106 
9 1.874 1.644 1.505 1.106 
9 1.874 1.644 1.504 1.106 
9 1.873 1.643 1.504 1.106 
9 1.873 1.643 1.504 1.106 
9 1.873 1.643 1.504 1.106 
9 1.873 1.643 1.503 1.105 
9 1.872 1.643 1.503 1.105 
9 1.872 1.642 1.503 1.105 
9 1.872 1.642 1.503 1.105 
9 1.872 1.642 1.502 1.105 
9 1.871 1.642 1.502 1.105 
9 1.871 1.642 1.502 1.105 
9 1.871 1.642 1.502 1.104 
9 1.871 1.641 1.502 1.104 
9 1.871 1.641 1.501 1.104 
9 1.870 1.641 1.501 1.104 
9 1.870 1.641 1.501 1.104 
9 1.870 1.641 1.501 1.104 
9 1.870 1.640 1.500 1.104 
9 1.869 1.640 1.500 1.103 
9 1.869 1.640 1.500 1.103 
9 1.869 1.640 1.500 1.103 
9 1.869 1.640 1.499 1.103 
9 1.868 1.639 1.499 1.103 
9 1.868 1.639 1.499 1.103 
9 1.868 1.639 1.499 1.103 
9 1.868 1.639 1.499 1.102 
9 1.867 1.639 1.498 1.102 
9 1.867 1.638 1.498 1.102 
9 1.867 1.638 1.498 1.102 
9 1.867 1.638 1.498 1.102 
9 1.867 1.638 1.497 1.102 
9 1.866 1.638 1.497 1.102 
9 1.866 1.638 1.497 1.101 
9 1.866 1.637 1.497 1.101 
9 1.866 1.637 1.496 1.101 
9 1.865 1.637 1.496 1.101 
9 1.865 1.637 1.496 1.101 
9 1.865 1.637 1.496 1.101 
9 1.865 1.636 1.496 1.101 
9 1.864 1.636 1.495 1.100 
9 1.864 1.636 1.495 1.100 
9 1.864 1.636 1.495 1.100 
9 1.864 1.636 1.495 1.100 
9 1.863 1.635 1.494 1.100 
9 1.863 1.635 1.494 1.100 
9 1.863 1.635 1.494 1.100 
9 1.863 1.635 1.494 1.099 
9 1.862 1.635 1.493 1.099 
9 1.862 1.634 1.493 1.099 
9 1.862 1.634 1.493 1.099 
9 1.862 1.634 1.493 1.099 
9 1.862 1.634 1.492 1.099 
9 1.861 1.634 1.492 1.099 
9 1.861 1.633 1.492 1.098 
9 1.861 1.633 1.492 1.098 
9 1.861 1.633 1.492 1.098 
9 1.860 1.633 1.491 1.098 
9 1.860 1.633 1.491 1.098 
9 1.860 1.633 1.491 1.098 
9 1.860 1.632 1.491 1.097 
9 1.859 1.632 1.490 1.097 
9 1.859 1.632 1.490 1.097 
9 1.859 1.632 1.490 1.097 
9 1.859 1.632 1.490 1.097 
9 1.858 1.631 1.490 1.097 
9 1.858 1.631 1.489 1.097 
9 1.858 1.631 1.489 1.096 
9 1.858 1.631 1.489 1.096 
9 1.858 1.631 1.489 1.096 
9 1.857 1.630 1.488 1.096 
9 1.857 1.630 1.488 1.096 
9 1.857 1.630 1.488 1.096 
9 1.857 1.630 1.488 1.096 
9 1.856 1.630 1.487 1.095 
9 1.856 1.630 1.487 1.095 
9 1.856 1.629 1.487 1.095 
9 1.856 1.629 1.487 1.095 
9 1.855 1.629 1.487 1.095 
9 1.855 1.629 1.486 1.095 
9 1.855 1.629 1.486 1.095 
9 1.855 1.628 1.486 1.094 
9 1.854 1.628 1.486 1.094 
9 1.854 1.628 1.485 1.094 
9 1.854 1.628 1.485 1.094 
9 1.854 1.628 1.485 1.094 
9 1.854 1.627 1.485 1.094 
9 1.853 1.627 1.484 1.094 
9 1.853 1.627 1.484 1.093 
9 1.853 1.627 1.484 1.093 
9 1.853 1.627 1.484 1.093 
9 1.852 1.626 1.484 1.093 
9 1.852 1.626 1.483 1.093 
9 1.852 1.626 1.483 1.093 
9 1.852 1.626 1.483 1.093 
9 1.851 1.626 1.483 1.092 
9 1.851 1.626 1.482 1.092 
9 1.851 1.625 1.482 1.092 
9 1.851 1.625 1.482 1.092 
9 1.850 1.625 1.482 1.092 
9 1.850 1.625 1.481 1.092 
9 1.850 1.625 1.481 1.092 
9 1.850 1.624 1.481 1.091 
9 1.850 1.624 1.481 1.091 
9 1.849 1.624 1.481 1.091 
9 1.849 1.624 1.480 1.091 
9 1.849 1.624 1.480 1.091 
9 1.849 1.623 1.480 1.091 
9 1.848 1.623 1.480 1.091 
9 1.848 1.623 1.479 1.090 
9 1.848 1.623 1.479 1.090 
9 1.848 1.623 1.479 1.090 
9 1.847 1.622 1.479 1.090 
9 1.847 1.622 1.478 1.090 
9 1.847 1.622 1.478 1.090 
9 1.847 1.622 1.478 1.090 
9 1.846 1.622 1.478 1.089 
9 1.846 1.622 1.478 1.089 
9 1.846 1.621 1.477 1.089 
9 1.846 1.621 1.477 1.089 
9 1.846 1.621 1.477 1.089 
9 1.845 1.621 1.477 1.089 
9 1.845 1.621 1.476 1.089 
9 1.845 1.620 1.476 1.088 
9 1.845 1.620 1.476 1.088 
9 1.844 1.620 1.476 1.088 
9 1.844 1.620 1.475 1.088 
9 1.844 1.620 1.475 1.088 
9 1.844 1.619 1.475 1.088 
9 1.843 1.619 1.475 1.087 
9 1.843 1.619 1.475 1.087 
9 1.843 1.619 1.474 1.087 
9 1.843 1.619 1.474 1.087 
9 1.842 1.619 1.474 1.087 
9 1.842 1.618 1.474 1.087 
9 1.842 1.618 1.473 1.087 
9 1.842 1.618 1.473 1.086 
9 1.842 1.618 1.473 1.086 
9 1.841 1.618 1.473 1.086 
9 1.841 1.617 1.473 1.086 
9 1.841 1.617 1.472 1.086 
9 1.841 1.617 1.472 1.086 
9 1.840 1.617 1.472 1.086 
9 1.840 1.617 1.472 1.085 
9 1.840 1.616 1.471 1.085 
9 1.840 1.616 1.471 1.085 
9 1.839 1.616 1.471 1.085 
9 1.839 1.616 1.471 1.085 
9 1.839 1.616 1.470 1.085 
9 1.839 1.616 1.470 1.085 
9 1.838 1.615 1.470 1.084 
9 1.838 1.615 1.470 1.084 
9 1.838 1.615 1.470 1.084 
9 1.838 1.615 1.469 1.084 
9 1.838 1.615 1.469 1.084 
9 1.837 1.614 1.469 1.084 
9 1.837 1.614 1.469 1.084 
9 1.837 1.614 1.468 1.083 
9 1.837 1.614 1.468 1.083 
9 1.836 1.614 1.468 1.083 
9 1.836 1.613 1.468 1.083 
9 1.836 1.613 1.467 1.083 
9 1.836 1.613 1.467 1.083 
9 1.835 1.613 1.467 1.083 
9 1.835 1.613 1.467 1.082 
9 1.835 1.613 1.467 1.082 
9 1.835 1.612 1.466 1.082 
9 1.835 1.612 1.466 1.082 
9 1.834 1.612 1.466 1.082 
9 1.834 1.612 1.466 1.082 
9 1.834 1.612 1.465 1.082 
9 1.834 1.611 1.465 1.081 
9 1.833 1.611 1.465 1.081 
9 1.833 1.611 1.465 1.081 
9 1.833 1.611 1.465 1.081 
9 1.833 1.611 1.464 1.081 
9 1.832 1.610 1.464 1.081 
9 1.832 1.610 1.464 1.081 
9 1.832 1.610 1.464 1.080 
9 1.832 1.610 1.463 1.080 
9 1.832 1.610 1.463 1.080 
9 1.831 1.610 1.463 1.080 
9 1.831 1.609 1.463 1.080 
9 1.831 1.609 1.462 1.080 
9 1.831 1.609 1.462 1.080 
9 1.830 1.609 1.462 1.079 
9 1.830 1.609 1.462 1.079 
9 1.830 1.608 1.462 1.079 
9 1.830 1.608 1.461 1.079 
9 1.829 1.608 1.461 1.079 
9 1.829 1.608 1.461 1.079 
9 1.829 1.608 1.461 1.079 
9 1.829 1.607 1.460 1.078 
9 1.828 1.607 1.460 1.078 
9 1.828 1.607 1.460 1.078 
9 1.828 1.607 1.460 1.078 
9 1.828 1.607 1.460 1.078 
9 1.828 1.607 1.459 1.078 
9 1.827 1.606 1.459 1.078 
9 1.827 1.606 1.459 1.077 
9 1.827 1.606 1.459 1.077 
9 1.827 1.606 1.458 1.077 
9 1.826 1.606 1.458 1.077 
9 1.826 1.605 1.458 1.077 
9 1.826 1.605 1.458 1.077 
9 1.826 1.605 1.458 1.077 
9 1.825 1.605 1.457 1.076 
9 1.825 1.605 1.457 1.076 
9 1.825 1.604 1.457 1.076 
9 1.825 1.604 1.457 1.076 
9 1.825 1.604 1.456 1.076 
9 1.824 1.604 1.456 1.076 
9 1.824 1.604 1.456 1.076 
9 1.824 1.604 1.456 1.075 
9 1.824 1.603 1.455 1.075 
9 1.823 1.603 1.455 1.075 
9 1.823 1.603 1.455 1.075 
9 1.823 1.603 1.455 1.075 
9 1.823 1.603 1.455 1.075 
9 1.822 1.602 1.454 1.074 
9 1.822 1.602 1.454 1.074 
9 1.822 1.602 1.454 1.074 
9 1.822 1.602 1.454 1.074 
9 1.822 1.602 1.453 1.074 
9 1.821 1.602 1.453 1.074 
9 1.821 1.601 1.453 1.074 
9 1.821 1.601 1.453 1.073 
9 1.821 1.601 1.453 1.073 
9 1.820 1.601 1.452 1.073 
9 1.820 1.601 1.452 1.073 
9 1.820 1.600 1.452 1.073 
9 1.820 1.600 1.452 1.073 
9 1.819 1.600 1.451 1.073 
9 1.819 1.600 1.451 1.072 
9 1.819 1.600 1.451 1.072 
9 1.819 1.599 1.451 1.072 
9 1.819 1.599 1.451 1.072 
9 1.818 1.599 1.450 1.072 
9 1.818 1.599 1.450 1.072 
9 1.818 1.599 1.450 1.072 
9 1.818 1.599 1.450 1.071 
9 1.817 1.598 1.449 1.071 
9 1.817 1.598 1.449 1.071 
9 1.817 1.598 1.449 1.071 
9 1.817 1.598 1.449 1.071 
9 1.816 1.598 1.448 1.071 
9 1.816 1.597 1.448 1.071 
9 1.816 1.597 1.448 1.070 
9 1.816 1.597 1.448 1.070 
9 1.816 1.597 1.448 1.070 
9 1.815 1.597 1.447 1.070 
9 1.815 1.597 1.447 1.070 
9 1.815 1.596 1.447 1.070 
9 1.815 1.596 1.447 1.070 
9 1.814 1.596 1.446 1.069 
9 1.814 1.596 1.446 1.069 
9 1.814 1.596 1.446 1.069 
9 1.814 1.595 1.446 1.069 
9 1.813 1.595 1.446 1.069 
9 1.813 1.595 1.445 1.069 
9 1.813 1.595 1.445 1.069 
9 1.813 1.595 1.445 1.068 
9 1.813 1.594 1.445 1.068 
9 1.812 1.594 1.444 1.068 
9 1.812 1.594 1.444 1.068 
9 1.812 1.594 1.444 1.068 
9 1.812 1.594 1.444 1.068 
9 1.811 1.594 1.444 1.068 
9 1.811 1.593 1.443 1.067 
9 1.811 1.593 1.443 1.067 
9 1.811 1.593 1.443 1.067 
9 1.810 1.593 1.443 1.067 
9 1.810 1.593 1.442 1.067 
9 1.810 1.592 1.442 1.067 
9 1.810 1.592 1.442 1.067 
9 1.810 1.592 1.442 1.066 
9 1.809 1.592 1.442 1.066 
9 1.809 1.592 1.441 1.066 
9 1.809 1.592 1.441 1.066 
9 1.809 1.591 1.441 1.066 
9 1.808 1.591 1.441 1.066 
9 1.808 1.591 1.440 1.066 
9 1.808 1.591 1.440 1.065 
9 1.808 1.591 1.440 1.065 
9 1.807 1.590 1.440 1.065 
9 1.807 1.590 1.440 1.065 
9 1.807 1.590 1.439 1.065 
9 1.807 1.590 1.439 1.065 
9 1.807 1.590 1.439 1.065 
9 1.806 1.590 1.439 1.064 
9 1.806 1.589 1.438 1.064 
9 1.806 1.589 1.438 1.064 
9 1.806 1.589 1.438 1.064 
9 1.805 1.589 1.438 1.064 
9 1.805 1.589 1.438 1.064 
9 1.805 1.588 1.437 1.064 
9 1.805 1.588 1.437 1.063 
9 1.805 1.588 1.437 1.063 
9 1.804 1.588 1.437 1.063 
9 1.804 1.588 1.436 1.063 
9 1.804 1.588 1.436 1.063 
9 1.804 1.587 1.436 1.063 
9 1.803 1.587 1.436 1.063 
9 1.803 1.587 1.436 1.062 
9 1.803 1.587 1.435 1.062 
9 1.803 1.587 1.435 1.062 
9 1.802 1.586 1.435 1.062 
9 1.802 1.586 1.435 1.062 
9 1.802 1.586 1.434 1.062 
9 1.802 1.586 1.434 1.062 
9 1.802 1.586 1.434 1.061 
9 1.801 1.585 1.434 1.061 
9 1.801 1.585 1.434 1.061 
9 1.801 1.585 1.433 1.061 
9 1.801 1.585 1.433 1.061 
9 1.800 1.585 1.433 1.061 
9 1.800 1.585 1.433 1.061 
9 1.800 1.584 1.432 1.060 
9 1.800 1.584 1.432 1.060 
9 1.799 1.584 1.432 1.060 
9 1.799 1.584 1.432 1.060 
9 1.799 1.584 1.432 1.060 
9 1.799 1.583 1.431 1.060 
9 1.799 1.583 1.431 1.060 
9 1.798 1.583 1.431 1.059 
9 1.798 1.583 1.431 1.059 
9 1.798 1.583 1.430 1.059 
9 1.798 1.583 1.430 1.059 
9 1.797 1.582 1.430 1.059 
9 1.797 1.582 1.430 1.059 
9 1.797 1.582 1.430 1.059 
9 1.797 1.582 1.429 1.058 
9 1.797 1.582 1.429 1.058 
9 1.796 1.581 1.429 1.058 
9 1.796 1.581 1.429 1.058 
9 1.796 1.581 1.428 1.058 
9 1.796 1.581 1.428 1.058 
9 1.795 1.581 1.428 1.058 
9 1.795 1.581 1.428 1.057 
9 1.795 1.580 1.428 1.057 
9 1.795 1.580 1.427 1.057 
9 1.794 1.580 1.427 1.057 
9 1.794 1.580 1.427 1.057 
9 1.794 1.580 1.427 1.057 
9 1.794 1.579 1.426 1.057 
9 1.794 1.579 1.426 1.056 
9 1.793 1.579 1.426 1.056 
9 1.793 1.579 1.426 1.056 
9 1.793 1.579 1.426 1.056 
9 1.793 1.579 1.425 1.056 
9 1.792 1.578 1.425 1.056 
9 1.792 1.578 1.425 1.056 
9 1.792 1.578 1.425 1.055 
9 1.792 1.578 1.424 1.055 
9 1.792 1.578 1.424 1.055 
9 1.791 1.577 1.424 1.055 
9 1.791 1.577 1.424 1.055 
9 1.791 1.577 1.424 1.055 
9 1.791 1.577 1.423 1.055 
9 1.790 1.577 1.423 1.054 
9 1.790 1.577 1.423 1.054 
9 1.790 1.576 1.423 1.054 
9 1.790 1.576 1.422 1.054 
9 1.790 1.576 1.422 1.054 
9 1.789 1.576 1.422 1.054 
9 1.789 1.576 1.422 1.054 
9 1.789 1.576 1.422 1.053 
9 1.789 1.575 1.421 1.053 
9 1.788 1.575 1.421 1.053 
9 1.788 1.575 1.421 1.053 
9 1.788 1.575 1.421 1.053 
9 1.788 1.575 1.420 1.053 
9 1.787 1.574 1.420 1.053 
9 1.787 1.574 1.420 1.052 
9 1.787 1.574 1.420 1.052 
9 1.787 1.574 1.420 1.052 
9 1.787 1.574 1.419 1.052 
9 1.786 1.574 1.419 1.052 
9 1.786 1.573 1.419 1.052 
9 1.786 1.573 1.419 1.052 
9 1.786 1.573 1.418 1.051 
9 1.785 1.573 1.418 1.051 
9 1.785 1.573 1.418 1.051 
9 1.785 1.572 1.418 1.051 
9 1.785 1.572 1.418 1.051 
9 1.785 1.572 1.417 1.051 
9 1.784 1.572 1.417 1.051 
9 1.784 1.572 1.417 1.050 
9 1.784 1.572 1.417 1.050 
9 1.784 1.571 1.417 1.050 
9 1.783 1.571 1.416 1.050 
9 1.783 1.571 1.416 1.050 
9 1.783 1.571 1.416 1.050 
9 1.783 1.571 1.416 1.050 
9 1.783 1.570 1.415 1.049 
9 1.782 1.570 1.415 1.049 
9 1.782 1.570 1.415 1.049 
9 1.782 1.570 1.415 1.049 
9 1.782 1.570 1.415 1.049 
9 1.781 1.570 1.414 1.049 
9 1.781 1.569 1.414 1.049 
9 1.781 1.569 1.414 1.048 
9 1.781 1.569 1.414 1.048 
9 1.781 1.569 1.413 1.048 
9 1.780 1.569 1.413 1.048 
9 1.780 1.569 1.413 1.048 
9 1.780 1.568 1.413 1.048 
9 1.780 1.568 1.413 1.048 
9 1.779 1.568 1.412 1.047 
9 1.779 1.568 1.412 1.047 
9 1.779 1.568 1.412 1.047 
9 1.779 1.567 1.412 1.047 
9 1.778 1.567 1.411 1.047 
9 1.778 1.567 1.411 1.047 
9 1.778 1.567 1.411 1.047 
9 1.778 1.567 1.411 1.046 
9 1.778 1.567 1.411 1.046 
9 1.777 1.566 1.410 1.046 
9 1.777 1.566 1.410 1.046 
9 1.777 1.566 1.410 1.046 
9 1.777 1.566 1.410 1.046 
9 1.776 1.566 1.410 1.046 
9 1.776 1.565 1.409 1.045 
9 1.776 1.565 1.409 1.045 
9 1.776 1.565 1.409 1.045 
9 1.776 1.565 1.409 1.045 
9 1.775 1.565 1.408 1.045 
9 1.775 1.565 1.408 1.045 
9 1.775 1.564 1.408 1.045 
9 1.775 1.564 1.408 1.044 
9 1.774 1.564 1.408 1.044 
9 1.774 1.564 1.407 1.044 
9 1.774 1.564 1.407 1.044 
9 1.774 1.564 1.407 1.044 
9 1.774 1.563 1.407 1.044 
9 1.773 1.563 1.406 1.044 
9 1.773 1.563 1.406 1.044 
9 1.773 1.563 1.406 1.043 
9 1.773 1.563 1.406 1.043 
9 1.772 1.562 1.406 1.043 
9 1.772 1.562 1.405 1.043 
9 1.772 1.562 1.405 1.043 
9 1.772 1.562 1.405 1.043 
9 1.772 1.562 1.405 1.043 
9 1.771 1.562 1.405 1.042 
9 1.771 1.561 1.404 1.042 
9 1.771 1.561 1.404 1.042 
9 1.771 1.561 1.404 1.042 
9 1.770 1.561 1.404 1.042 
9 1.770 1.561 1.403 1.042 
9 1.770 1.561 1.403 1.042 
9 1.770 1.560 1.403 1.041 
9 1.770 1.560 1.403 1.041 
9 1.769 1.560 1.403 1.041 
9 1.769 1.560 1.402 1.041 
9 1.769 1.560 1.402 1.041 
9 1.769 1.559 1.402 1.041 
9 1.768 1.559 1.402 1.041 
9 1.768 1.559 1.401 1.040 
9 1.768 1.559 1.401 1.040 
9 1.768 1.559 1.401 1.040 
9 1.768 1.559 1.401 1.040 
9 1.767 1.558 1.401 1.040 
9 1.767 1.558 1.400 1.040 
9 1.767 1.558 1.400 1.040 
9 1.767 1.558 1.400 1.039 
9 1.766 1.558 1.400 1.039 
9 1.766 1.558 1.400 1.039 
9 1.766 1.557 1.399 1.039 
9 1.766 1.557 1.399 1.039 
9 1.766 1.557 1.399 1.039 
9 1.765 1.557 1.399 1.039 
9 1.765 1.557 1.398 1.038 
9 1.765 1.556 1.398 1.038 
9 1.765 1.556 1.398 1.038 
9 1.764 1.556 1.398 1.038 
9 1.764 1.556 1.398 1.038 
9 1.764 1.556 1.397 1.038 
9 1.764 1.556 1.397 1.038 
9 1.764 1.555 1.397 1.037 
9 1.763 1.555 1.397 1.037 
9 1.763 1.555 1.397 1.037 
9 1.763 1.555 1.396 1.037 
9 1.763 1.555 1.396 1.037 
9 1.763 1.555 1.396 1.037 
9 1.762 1.554 1.396 1.037 
9 1.762 1.554 1.395 1.036 
9 1.762 1.554 1.395 1.036 
9 1.762 1.554 1.395 1.036 
9 1.761 1.554 1.395 1.036 
9 1.761 1.553 1.395 1.036 
9 1.761 1.553 1.394 1.036 
9 1.761 1.553 1.394 1.036 
9 1.761 1.553 1.394 1.035 
9 1.760 1.553 1.394 1.035 
9 1.760 1.553 1.394 1.035 
9 1.760 1.552 1.393 1.035 
9 1.760 1.552 1.393 1.035 
9 1.759 1.552 1.393 1.035 
9 1.759 1.552 1.393 1.035 
9 1.759 1.552 1.392 1.035 
9 1.759 1.552 1.392 1.034 
9 1.759 1.551 1.392 1.034 
9 1.758 1.551 1.392 1.034 
9 1.758 1.551 1.392 1.034 
9 1.758 1.551 1.391 1.034 
9 1.758 1.551 1.391 1.034 
9 1.757 1.550 1.391 1.034 
9 1.757 1.550 1.391 1.033 
9 1.757 1.550 1.391 1.033 
9 1.757 1.550 1.390 1.033 
9 1.757 1.550 1.390 1.033 
9 1.756 1.550 1.390 1.033 
9 1.756 1.549 1.390 1.033 
9 1.756 1.549 1.389 1.033 
9 1.756 1.549 1.389 1.032 
9 1.755 1.549 1.389 1.032 
9 1.755 1.549 1.389 1.032 
9 1.755 1.549 1.389 1.032 
9 1.755 1.548 1.388 1.032 
9 1.755 1.548 1.388 1.032 
9 1.754 1.548 1.388 1.032 
9 1.754 1.548 1.388 1.031 
9 1.754 1.548 1.388 1.031 
9 1.754 1.548 1.387 1.031 
9 1.754 1.547 1.387 1.031 
9 1.753 1.547 1.387 1.031 
9 1.753 1.547 1.387 1.031 
9 1.753 1.547 1.386 1.031 
9 1.753 1.547 1.386 1.030 
9 1.752 1.546 1.386 1.030 
9 1.752 1.546 1.386 1.030 
9 1.752 1.546 1.386 1.030 
9 1.752 1.546 1.385 1.030 
9 1.752 1.546 1.385 1.030 
9 1.751 1.546 1.385 1.030 
9 1.751 1.545 1.385 1.029 
9 1.751 1.545 1.385 1.029 
9 1.751 1.545 1.384 1.029 
9 1.750 1.545 1.384 1.029 
9 1.750 1.545 1.384 1.029 
9 1.750 1.545 1.384 1.029 
9 1.750 1.544 1.384 1.029 
9 1.750 1.544 1.383 1.029 
9 1.749 1.544 1.383 1.028 
9 1.749 1.544 1.383 1.028 
9 1.749 1.544 1.383 1.028 
9 1.749 1.544 1.382 1.028 
9 1.748 1.543 1.382 1.028 
9 1.748 1.543 1.382 1.028 
9 1.748 1.543 1.382 1.028 
9 1.748 1.543 1.382 1.027 
9 1.748 1.543 1.381 1.027 
9 1.747 1.543 1.381 1.027 
9 1.747 1.542 1.381 1.027 
9 1.747 1.542 1.381 1.027 
9 1.747 1.542 1.381 1.027 
9 1.747 1.542 1.380 1.027 
9 1.746 1.542 1.380 1.026 
9 1.746 1.541 1.380 1.026 
9 1.746 1.541 1.380 1.026 
9 1.746 1.541 1.379 1.026 
9 1.745 1.541 1.379 1.026 
9 1.745 1.541 1.379 1.026 
9 1.745 1.541 1.379 1.026 
9 1.745 1.540 1.379 1.025 
9 1.745 1.540 1.378 1.025 
9 1.744 1.540 1.378 1.025 
9 1.744 1.540 1.378 1.025 
9 1.744 1.540 1.378 1.025 
9 1.744 1.540 1.378 1.025 
9 1.744 1.539 1.377 1.025 
9 1.743 1.539 1.377 1.025 
9 1.743 1.539 1.377 1.024 
9 1.743 1.539 1.377 1.024 
9 1.743 1.539 1.377 1.024 
9 1.742 1.539 1.376 1.024 
9 1.742 1.538 1.376 1.024 
9 1.742 1.538 1.376 1.024 
9 1.742 1.538 1.376 1.024 
9 1.742 1.538 1.375 1.023 
9 1.741 1.538 1.375 1.023 
9 1.741 1.538 1.375 1.023 
9 1.741 1.537 1.375 1.023 
9 1.741 1.537 1.375 1.023 
9 1.740 1.537 1.374 1.023 
9 1.740 1.537 1.374 1.023 
9 1.740 1.537 1.374 1.022 
9 1.740 1.537 1.374 1.022 
9 1.740 1.536 1.374 1.022 
9 1.739 1.536 1.373 1.022 
9 1.739 1.536 1.373 1.022 
9 1.739 1.536 1.373 1.022 
9 1.739 1.536 1.373 1.022 
9 1.739 1.535 1.373 1.021 
9 1.738 1.535 1.372 1.021 
9 1.738 1.535 1.372 1.021 
9 1.738 1.535 1.372 1.021 
9 1.738 1.535 1.372 1.021 
9 1.737 1.535 1.371 1.021 
9 1.737 1.534 1.371 1.021 
9 1.737 1.534 1.371 1.021 
9 1.737 1.534 1.371 1.020 
9 1.737 1.534 1.371 1.020 
9 1.736 1.534 1.370 1.020 
9 1.736 1.534 1.370 1.020 
9 1.736 1.533 1.370 1.020 
9 1.736 1.533 1.370 1.020 
9 1.736 1.533 1.370 1.020 
9 1.735 1.533 1.369 1.019 
9 1.735 1.533 1.369 1.019 
9 1.735 1.533 1.369 1.019 
9 1.735 1.532 1.369 1.019 
9 1.734 1.532 1.369 1.019 
9 1.734 1.532 1.368 1.019 
9 1.734 1.532 1.368 1.019 
9 1.734 1.532 1.368 1.018 
9 1.734 1.532 1.368 1.018 
9 1.733 1.531 1.368 1.018 
9 1.733 1.531 1.367 1.018 
9 1.733 1.531 1.367 1.018 
9 1.733 1.531 1.367 1.018 
9 1.733 1.531 1.367 1.018 
9 1.732 1.531 1.366 1.017 
9 1.732 1.530 1.366 1.017 
9 1.732 1.530 1.366 1.017 
9 1.732 1.530 1.366 1.017 
9 1.731 1.530 1.366 1.017 
9 1.731 1.530 1.365 1.017 
9 1.731 1.530 1.365 1.017 
9 1.731 1.529 1.365 1.017 
9 1.731 1.529 1.365 1.016 
9 1.730 1.529 1.365 1.016 
9 1.730 1.529 1.364 1.016 
9 1.730 1.529 1.364 1.016 
9 1.730 1.529 1.364 1.016 
9 1.730 1.528 1.364 1.016 
9 1.729 1.528 1.364 1.016 
9 1.729 1.528 1.363 1.015 
9 1.729 1.528 1.363 1.015 
9 1.729 1.528 1.363 1.015 
9 1.729 1.528 1.363 1.015 
9 1.728 1.527 1.363 1.015 
9 1.728 1.527 1.362 1.015 
9 1.728 1.527 1.362 1.015 
9 1.728 1.527 1.362 1.014 
9 1.727 1.527 1.362 1.014 
9 1.727 1.526 1.362 1.014 
9 1.727 1.526 1.361 1.014 
9 1.727 1.526 1.361 1.014 
9 1.727 1.526 1.361 1.014 
9 1.726 1.526 1.361 1.014 
9 1.726 1.526 1.360 1.014 
9 1.726 1.525 1.360 1.013 
9 1.726 1.525 1.360 1.013 
9 1.726 1.525 1.360 1.013 
9 1.725 1.525 1.360 1.013 
9 1.725 1.525 1.359 1.013 
9 1.725 1.525 1.359 1.013 
9 1.725 1.524 1.359 1.013 
9 1.724 1.524 1.359 1.012 
9 1.724 1.524 1.359 1.012 
9 1.724 1.524 1.358 1.012 
9 1.724 1.524 1.358 1.012 
9 1.724 1.524 1.358 1.012 
9 1.723 1.523 1.358 1.012 
9 1.723 1.523 1.358 1.012 
9 1.723 1.523 1.357 1.011 
9 1.723 1.523 1.357 1.011 
9 1.723 1.523 1.357 1.011 
9 1.722 1.523 1.357 1.011 
9 1.722 1.522 1.357 1.011 
9 1.722 1.522 1.356 1.011 
9 1.722 1.522 1.356 1.011 
9 1.722 1.522 1.356 1.011 
9 1.721 1.522 1.356 1.010 
9 1.721 1.522 1.356 1.010 
9 1.721 1.521 1.355 1.010 
9 1.721 1.521 1.355 1.010 
9 1.720 1.521 1.355 1.010 
9 1.720 1.521 1.355 1.010 
9 1.720 1.521 1.354 1.010 
9 1.720 1.521 1.354 1.009 
9 1.720 1.520 1.354 1.009 
9 1.719 1.520 1.354 1.009 
9 1.719 1.520 1.354 1.009 
9 1.719 1.520 1.353 1.009 
9 1.719 1.520 1.353 1.009 
9 1.719 1.520 1.353 1.009 
9 1.718 1.519 1.353 1.008 
9 1.718 1.519 1.353 1.008 
9 1.718 1.519 1.352 1.008 
9 1.718 1.519 1.352 1.008 
9 1.718 1.519 1.352 1.008 
9 1.717 1.519 1.352 1.008 
9 1.717 1.518 1.352 1.008 
9 1.717 1.518 1.351 1.008 
9 1.717 1.518 1.351 1.007 
9 1.716 1.518 1.351 1.007 
9 1.716 1.518 1.351 1.007 
9 1.716 1.518 1.351 1.007 
9 1.716 1.517 1.350 1.007 
9 1.716 1.517 1.350 1.007 
9 1.715 1.517 1.350 1.007 
9 1.715 1.517 1.350 1.006 
9 1.715 1.517 1.350 1.006 
9 1.715 1.517 1.349 1.006 
9 1.715 1.516 1.349 1.006 
9 1.714 1.516 1.349 1.006 
9 1.714 1.516 1.349 1.006 
9 1.714 1.516 1.349 1.006 
9 1.714 1.516 1.348 1.006 
9 1.714 1.516 1.348 1.005 
9 1.713 1.516 1.348 1.005 
9 1.713 1.515 1.348 1.005 
9 1.713 1.515 1.348 1.005 
9 1.713 1.515 1.347 1.005 
9 1.713 1.515 1.347 1.005 
9 1.712 1.515 1.347 1.005 
9 1.712 1.515 1.347 1.004 
9 1.712 1.514 1.347 1.004 
9 1.712 1.514 1.346 1.004 
9 1.711 1.514 1.346 1.004 
9 1.711 1.514 1.346 1.004 
9 1.711 1.514 1.346 1.004 
9 1.711 1.514 1.346 1.004 
9 1.711 1.513 1.345 1.003 
9 1.710 1.513 1.345 1.003 
9 1.710 1.513 1.345 1.003 
9 1.710 1.513 1.345 1.003 
9 1.710 1.513 1.345 1.003 
9 1.710 1.513 1.344 1.003 
9 1.709 1.512 1.344 1.003 
9 1.709 1.512 1.344 1.003 
9 1.709 1.512 1.344 1.002 
9 1.709 1.512 1.343 1.002 
9 1.709 1.512 1.343 1.002 
9 1.708 1.512 1.343 1.002 
9 1.708 1.511 1.343 1.002 
9 1.708 1.511 1.343 1.002 
9 1.708 1.511 1.342 1.002 
9 1.708 1.511 1.342 1.001 
9 1.707 1.511 1.342 1.001 
9 1.707 1.511 1.342 1.001 
9 1.707 1.510 1.342 1.001 
9 1.707 1.510 1.341 1.001 
9 1.707 1.510 1.341 1.001 
9 1.706 1.510 1.341 1.001 
9 1.706 1.510 1.341 1.001 
9 1.706 1.510 1.341 1.000 
9 1.706 1.509 1.340 1.000 
9 1.705 1.509 1.340 1.000 
9 1.705 1.509 1.340 1.000 
9 1.705 1.509 1.340 1.000 
9 1.705 1.509 1.340 1.000 
9 1.705 1.509 1.339 1.000 
9 1.704 1.508 1.339 0.999 
9 1.704 1.508 1.339 0.999 
9 1.704 1.508 1.339 0.999 
9 1.704 1.508 1.339 0.999 
9 1.704 1.508 1.338 0.999 
9 1.703 1.508 1.338 0.999 
9 1.703 1.507 1.338 0.999 
9 1.703 1.507 1.338 0.999 
9 1.703 1.507 1.338 0.998 
9 1.703 1.507 1.337 0.998 
9 1.702 1.507 1.337 0.998 
9 1.702 1.507 1.337 0.998 
9 1.702 1.506 1.337 0.998 
9 1.702 1.506 1.337 0.998 
9 1.702 1.506 1.336 0.998 
9 1.701 1.506 1.336 0.997 
9 1.701 1.506 1.336 0.997 
9 1.701 1.506 1.336 0.997 
9 1.701 1.506 1.336 0.997 
9 1.701 1.505 1.335 0.997 
9 1.700 1.505 1.335 0.997 
9 1.700 1.505 1.335 0.997 
9 1.700 1.505 1.335 0.997 
9 1.700 1.505 1.335 0.996 
9 1.700 1.505 1.334 0.996 
9 1.699 1.504 1.334 0.996 
9 1.699 1.504 1.334 0.996 
9 1.699 1.504 1.334 0.996 
9 1.699 1.504 1.334 0.996 
9 1.698 1.504 1.333 0.996 
9 1.698 1.504 1.333 0.995 
9 1.698 1.503 1.333 0.995 
9 1.698 1.503 1.333 0.995 
9 1.698 1.503 1.333 0.995 
9 1.697 1.503 1.332 0.995 
9 1.697 1.503 1.332 0.995 
9 1.697 1.503 1.332 0.995 
9 1.697 1.502 1.332 0.995 
9 1.697 1.502 1.332 0.994 
9 1.696 1.502 1.331 0.994 
9 1.696 1.502 1.331 0.994 
9 1.696 1.502 1.331 0.994 
9 1.696 1.502 1.331 0.994 
9 1.696 1.501 1.331 0.994 
9 1.695 1.501 1.330 0.994 
9 1.695 1.501 1.330 0.993 
9 1.695 1.501 1.330 0.993 
9 1.695 1.501 1.330 0.993 
9 1.695 1.501 1.330 0.993 
9 1.694 1.501 1.329 0.993 
9 1.694 1.500 1.329 0.993 
9 1.694 1.500 1.329 0.993 
9 1.694 1.500 1.329 0.993 
9 1.694 1.500 1.329 0.992 
9 1.693 1.500 1.328 0.992 
9 1.693 1.500 1.328 0.992 
9 1.693 1.499 1.328 0.992 
9 1.693 1.499 1.328 0.992 
9 1.693 1.499 1.328 0.992 
9 1.692 1.499 1.327 0.992 
9 1.692 1.499 1.327 0.991 
9 1.692 1.499 1.327 0.991 
9 1.692 1.498 1.327 0.991 
9 1.692 1.498 1.327 0.991 
9 1.691 1.498 1.326 0.991 
9 1.691 1.498 1.326 0.991 
9 1.691 1.498 1.326 0.991 
9 1.691 1.498 1.326 0.991 
9 1.691 1.497 1.326 0.990 
9 1.690 1.497 1.325 0.990 
9 1.690 1.497 1.325 0.990 
9 1.690 1.497 1.325 0.990 
9 1.690 1.497 1.325 0.990 
9 1.690 1.497 1.325 0.990 
9 1.689 1.497 1.324 0.990 
9 1.689 1.496 1.324 0.990 
9 1.689 1.496 1.324 0.989 
9 1.689 1.496 1.324 0.989 
9 1.689 1.496 1.324 0.989 
9 1.688 1.496 1.323 0.989 
9 1.688 1.496 1.323 0.989 
9 1.688 1.495 1.323 0.989 
9 1.688 1.495 1.323 0.989 
9 1.688 1.495 1.323 0.988 
9 1.687 1.495 1.323 0.988 
9 1.687 1.495 1.322 0.988 
9 1.687 1.495 1.322 0.988 
9 1.687 1.494 1.322 0.988 
9 1.687 1.494 1.322 0.988 
9 1.686 1.494 1.322 0.988 
9 1.686 1.494 1.321 0.988 
9 1.686 1.494 1.321 0.987 
9 1.686 1.494 1.321 0.987 
9 1.686 1.493 1.321 0.987 
9 1.685 1.493 1.321 0.987 
9 1.685 1.493 1.320 0.987 
9 1.685 1.493 1.320 0.987 
9 1.685 1.493 1.320 0.987 
9 1.684 1.493 1.320 0.986 
9 1.684 1.493 1.320 0.986 
9 1.684 1.492 1.319 0.986 
9 1.684 1.492 1.319 0.986 
9 1.684 1.492 1.319 0.986 
9 1.683 1.492 1.319 0.986 
9 1.683 1.492 1.319 0.986 
9 1.683 1.492 1.318 0.986 
9 1.683 1.491 1.318 0.985 
9 1.683 1.491 1.318 0.985 
9 1.682 1.491 1.318 0.985 
9 1.682 1.491 1.318 0.985 
9 1.682 1.491 1.317 0.985 
9 1.682 1.491 1.317 0.985 
9 1.682 1.490 1.317 0.985 
9 1.681 1.490 1.317 0.985 
9 1.681 1.490 1.317 0.984 
9 1.681 1.490 1.316 0.984 
9 1.681 1.490 1.316 0.984 
9 1.681 1.490 1.316 0.984 
9 1.680 1.490 1.316 0.984 
9 1.680 1.489 1.316 0.984 
9 1.680 1.489 1.315 0.984 
9 1.680 1.489 1.315 0.983 
9 1.680 1.489 1.315 0.983 
9 1.679 1.489 1.315 0.983 
9 1.679 1.489 1.315 0.983 
9 1.679 1.488 1.314 0.983 
9 1.679 1.488 1.314 0.983 
9 1.679 1.488 1.314 0.983 
9 1.678 1.488 1.314 0.983 
9 1.678 1.488 1.314 0.982 
9 1.678 1.488 1.314 0.982 
9 1.678 1.487 1.313 0.982 
9 1.678 1.487 1.313 0.982 
9 1.678 1.487 1.313 0.982 
9 1.677 1.487 1.313 0.982 
9 1.677 1.487 1.313 0.982 
9 1.677 1.487 1.312 0.982 
9 1.677 1.487 1.312 0.981 
9 1.677 1.486 1.312 0.981 
9 1.676 1.486 1.312 0.981 
9 1.676 1.486 1.312 0.981 
9 1.676 1.486 1.311 0.981 
9 1.676 1.486 1.311 0.981 
9 1.676 1.486 1.311 0.981 
9 1.675 1.485 1.311 0.980 
9 1.675 1.485 1.311 0.980 
9 1.675 1.485 1.310 0.980 
9 1.675 1.485 1.310 0.980 
9 1.675 1.485 1.310 0.980 
9 1.674 1.485 1.310 0.980 
9 1.674 1.485 1.310 0.980 
9 1.674 1.484 1.309 0.980 
9 1.674 1.484 1.309 0.979 
9 1.674 1.484 1.309 0.979 
9 1.673 1.484 1.309 0.979 
9 1.673 1.484 1.309 0.979 
9 1.673 1.484 1.308 0.979 
9 1.673 1.483 1.308 0.979 
9 1.673 1.483 1.308 0.979 
9 1.672 1.483 1.308 0.979 
9 1.672 1.483 1.308 0.978 
9 1.672 1.483 1.308 0.978 
9 1.672 1.483 1.307 0.978 
9 1.672 1.483 1.307 0.978 
9 1.671 1.482 1.307 0.978 
9 1.671 1.482 1.307 0.978 
9 1.671 1.482 1.307 0.978 
9 1.671 1.482 1.306 0.978 
9 1.671 1.482 1.306 0.977 
9 1.670 1.482 1.306 0.977 
9 1.670 1.481 1.306 0.977 
9 1.670 1.481 1.306 0.977 
9 1.670 1.481 1.305 0.977 
9 1.670 1.481 1.305 0.977 
9 1.669 1.481 1.305 0.977 
9 1.669 1.481 1.305 0.976 
9 1.669 1.480 1.305 0.976 
9 1.669 1.480 1.304 0.976 
9 1.669 1.480 1.304 0.976 
9 1.668 1.480 1.304 0.976 
9 1.668 1.480 1.304 0.976 
9 1.668 1.480 1.304 0.976 
9 1.668 1.480 1.303 0.976 
9 1.668 1.479 1.303 0.975 
9 1.667 1.479 1.303 0.975 
9 1.667 1.479 1.303 0.975 
9 1.667 1.479 1.303 0.975 
9 1.667 1.479 1.303 0.975 
9 1.667 1.479 1.302 0.975 
9 1.666 1.478 1.302 0.975 
9 1.666 1.478 1.302 0.975 
9 1.666 1.478 1.302 0.974 
9 1.666 1.478 1.302 0.974 
9 1.666 1.478 1.301 0.974 
9 1.665 1.478 1.301 0.974 
9 1.665 1.478 1.301 0.974 
9 1.665 1.477 1.301 0.974 
9 1.665 1.477 1.301 0.974 
9 1.665 1.477 1.300 0.974 
9 1.665 1.477 1.300 0.973 
9 1.664 1.477 1.300 0.973 
9 1.664 1.477 1.300 0.973 
9 1.664 1.476 1.300 0.973 
9 1.664 1.476 1.299 0.973 
9 1.664 1.476 1.299 0.973 
9 1.663 1.476 1.299 0.973 
9 1.663 1.476 1.299 0.972 
9 1.663 1.476 1.299 0.972 
9 1.663 1.476 1.298 0.972 
9 1.663 1.475 1.298 0.972 
9 1.662 1.475 1.298 0.972 
9 1.662 1.475 1.298 0.972 
9 1.662 1.475 1.298 0.972 
9 1.662 1.475 1.298 0.972 
9 1.662 1.475 1.297 0.971 
9 1.661 1.474 1.297 0.971 
9 1.661 1.474 1.297 0.971 
9 1.661 1.474 1.297 0.971 
9 1.661 1.474 1.297 0.971 
9 1.661 1.474 1.296 0.971 
9 1.660 1.474 1.296 0.971 
9 1.660 1.474 1.296 0.971 
9 1.660 1.473 1.296 0.970 
9 1.660 1.473 1.296 0.970 
9 1.660 1.473 1.295 0.970 
9 1.659 1.473 1.295 0.970 
9 1.659 1.473 1.295 0.970 
9 1.659 1.473 1.295 0.970 
9 1.659 1.473 1.295 0.970 
9 1.659 1.472 1.295 0.970 
9 1.658 1.472 1.294 0.969 
9 1.658 1.472 1.294 0.969 
9 1.658 1.472 1.294 0.969 
9 1.658 1.472 1.294 0.969 
9 1.658 1.472 1.294 0.969 
9 1.658 1.471 1.293 0.969 
9 1.657 1.471 1.293 0.969 
9 1.657 1.471 1.293 0.969 
9 1.657 1.471 1.293 0.968 
9 1.657 1.471 1.293 0.968 
9 1.657 1.471 1.292 0.968 
9 1.656 1.471 1.292 0.968 
9 1.656 1.470 1.292 0.968 
9 1.656 1.470 1.292 0.968 
9 1.656 1.470 1.292 0.968 
9 1.656 1.470 1.291 0.968 
9 1.655 1.470 1.291 0.967 
9 1.655 1.470 1.291 0.967 
9 1.655 1.469 1.291 0.967 
9 1.655 1.469 1.291 0.967 
9 1.655 1.469 1.291 0.967 
9 1.654 1.469 1.290 0.967 
9 1.654 1.469 1.290 0.967 
9 1.654 1.469 1.290 0.967 
9 1.654 1.469 1.290 0.966 
9 1.654 1.468 1.290 0.966 
9 1.653 1.468 1.289 0.966 
9 1.653 1.468 1.289 0.966 
9 1.653 1.468 1.289 0.966 
9 1.653 1.468 1.289 0.966 
9 1.653 1.468 1.289 0.966 
9 1.653 1.468 1.288 0.966 
9 1.652 1.467 1.288 0.965 
9 1.652 1.467 1.288 0.965 
9 1.652 1.467 1.288 0.965 
9 1.652 1.467 1.288 0.965 
9 1.652 1.467 1.288 0.965 
9 1.651 1.467 1.287 0.965 
9 1.651 1.466 1.287 0.965 
9 1.651 1.466 1.287 0.964 
9 1.651 1.466 1.287 0.964 
9 1.651 1.466 1.287 0.964 
9 1.650 1.466 1.286 0.964 
9 1.650 1.466 1.286 0.964 
9 1.650 1.466 1.286 0.964 
9 1.650 1.465 1.286 0.964 
9 1.650 1.465 1.286 0.964 
9 1.649 1.465 1.285 0.963 
9 1.649 1.465 1.285 0.963 
9 1.649 1.465 1.285 0.963 
9 1.649 1.465 1.285 0.963 
9 1.649 1.465 1.285 0.963 
9 1.649 1.464 1.285 0.963 
9 1.648 1.464 1.284 0.963 
9 1.648 1.464 1.284 0.963 
9 1.648 1.464 1.284 0.962 
9 1.648 1.464 1.284 0.962 
9 1.648 1.464 1.284 0.962 
9 1.647 1.463 1.283 0.962 
9 1.647 1.463 1.283 0.962 
9 1.647 1.463 1.283 0.962 
9 1.647 1.463 1.283 0.962 
9 1.647 1.463 1.283 0.962 
9 1.646 1.463 1.283 0.961 
9 1.646 1.463 1.282 0.961 
9 1.646 1.462 1.282 0.961 
9 1.646 1.462 1.282 0.961 
9 1.646 1.462 1.282 0.961 
9 1.645 1.462 1.282 0.961 
9 1.645 1.462 1.281 0.961 
9 1.645 1.462 1.281 0.961 
9 1.645 1.462 1.281 0.960 
9 1.645 1.461 1.281 0.960 
9 1.645 1.461 1.281 0.960 
9 1.644 1.461 1.280 0.960 
9 1.644 1.461 1.280 0.960 
9 1.644 1.461 1.280 0.960 
9 1.644 1.461 1.280 0.960 
9 1.644 1.461 1.280 0.960 
9 1.643 1.460 1.280 0.959 
9 1.643 1.460 1.279 0.959 
9 1.643 1.460 1.279 0.959 
9 1.643 1.460 1.279 0.959 
9 1.643 1.460 1.279 0.959 
9 1.642 1.460 1.279 0.959 
9 1.642 1.459 1.278 0.959 
9 1.642 1.459 1.278 0.959 
9 1.642 1.459 1.278 0.958 
9 1.642 1.459 1.278 0.958 
9 1.642 1.459 1.278 0.958 
9 1.641 1.459 1.278 0.958 
9 1.641 1.459 1.277 0.958 
9 1.641 1.458 1.277 0.958 
9 1.641 1.458 1.277 0.958 
9 1.641 1.458 1.277 0.958 
9 1.640 1.458 1.277 0.957 
9 1.640 1.458 1.276 0.957 
9 1.640 1.458 1.276 0.957 
9 1.640 1.458 1.276 0.957 
9 1.640 1.457 1.276 0.957 
9 1.639 1.457 1.276 0.957 
9 1.639 1.457 1.275 0.957 
9 1.639 1.457 1.275 0.957 
9 1.639 1.457 1.275 0.956 
9 1.639 1.457 1.275 0.956 
9 1.638 1.457 1.275 0.956 
9 1.638 1.456 1.275 0.956 
9 1.638 1.456 1.274 0.956 
9 1.638 1.456 1.274 0.956 
9 1.638 1.456 1.274 0.956 
9 1.638 1.456 1.274 0.956 
9 1.637 1.456 1.274 0.955 
9 1.637 1.455 1.273 0.955 
9 1.637 1.455 1.273 0.955 
9 1.637 1.455 1.273 0.955 
9 1.637 1.455 1.273 0.955 
9 1.636 1.455 1.273 0.955 
9 1.636 1.455 1.273 0.955 
9 1.636 1.455 1.272 0.955 
9 1.636 1.454 1.272 0.955 
9 1.636 1.454 1.272 0.954 
9 1.636 1.454 1.272 0.954 
9 1.635 1.454 1.272 0.954 
9 1.635 1.454 1.271 0.954 
9 1.635 1.454 1.271 0.954 
9 1.635 1.454 1.271 0.954 
9 1.635 1.453 1.271 0.954 
9 1.634 1.453 1.271 0.954 
9 1.634 1.453 1.271 0.953 
9 1.634 1.453 1.270 0.953 
9 1.634 1.453 1.270 0.953 
9 1.634 1.453 1.270 0.953 
9 1.633 1.453 1.270 0.953 
9 1.633 1.452 1.270 0.953 
9 1.633 1.452 1.269 0.953 
9 1.633 1.452 1.269 0.953 
9 1.633 1.452 1.269 0.952 
9 1.633 1.452 1.269 0.952 
9 1.632 1.452 1.269 0.952 
9 1.632 1.452 1.269 0.952 
9 1.632 1.451 1.268 0.952 
9 1.632 1.451 1.268 0.952 
9 1.632 1.451 1.268 0.952 
9 1.631 1.451 1.268 0.952 
9 1.631 1.451 1.268 0.951 
9 1.631 1.451 1.267 0.951 
9 1.631 1.451 1.267 0.951 
9 1.631 1.450 1.267 0.951 
9 1.630 1.450 1.267 0.951 
9 1.630 1.450 1.267 0.951 
9 1.630 1.450 1.267 0.951 
9 1.630 1.450 1.266 0.951 
9 1.630 1.450 1.266 0.950 
9 1.630 1.450 1.266 0.950 
9 1.629 1.449 1.266 0.950 
9 1.629 1.449 1.266 0.950 
9 1.629 1.449 1.265 0.950 
9 1.629 1.449 1.265 0.950 
9 1.629 1.449 1.265 0.950 
9 1.628 1.449 1.265 0.950 
9 1.628 1.449 1.265 0.949 
9 1.628 1.448 1.265 0.949 
9 1.628 1.448 1.264 0.949 
9 1.628 1.448 1.264 0.949 
9 1.628 1.448 1.264 0.949 
9 1.627 1.448 1.264 0.949 
9 1.627 1.448 1.264 0.949 
9 1.627 1.448 1.263 0.949 
9 1.627 1.447 1.263 0.948 
9 1.627 1.447 1.263 0.948 
9 1.626 1.447 1.263 0.948 
9 1.626 1.447 1.263 0.948 
9 1.626 1.447 1.263 0.948 
9 1.626 1.447 1.262 0.948 
9 1.626 1.447 1.262 0.948 
9 1.626 1.446 1.262 0.948 
9 1.625 1.446 1.262 0.948 
9 1.625 1.446 1.262 0.947 
9 1.625 1.446 1.261 0.947 
9 1.625 1.446 1.261 0.947 
9 1.625 1.446 1.261 0.947 
9 1.624 1.445 1.261 0.947 
9 1.624 1.445 1.261 0.947 
9 1.624 1.445 1.261 0.947 
9 1.624 1.445 1.260 0.947 
9 1.624 1.445 1.260 0.946 
9 1.624 1.445 1.260 0.946 
9 1.623 1.445 1.260 0.946 
9 1.623 1.444 1.260 0.946 
9 1.623 1.444 1.260 0.946 
9 1.623 1.444 1.259 0.946 
9 1.623 1.444 1.259 0.946 
9 1.622 1.444 1.259 0.946 
9 1.622 1.444 1.259 0.945 
9 1.622 1.444 1.259 0.945 
9 1.622 1.443 1.258 0.945 
9 1.622 1.443 1.258 0.945 
9 1.622 1.443 1.258 0.945 
9 1.621 1.443 1.258 0.945 
9 1.621 1.443 1.258 0.945 
9 1.621 1.443 1.258 0.945 
9 1.621 1.443 1.257 0.944 
9 1.621 1.442 1.257 0.944 
9 1.620 1.442 1.257 0.944 
9 1.620 1.442 1.257 0.944 
9 1.620 1.442 1.257 0.944 
9 1.620 1.442 1.256 0.944 
9 1.620 1.442 1.256 0.944 
9 1.620 1.442 1.256 0.944 
9 1.619 1.442 1.256 0.944 
9 1.619 1.441 1.256 0.943 
9 1.619 1.441 1.256 0.943 
9 1.619 1.441 1.255 0.943 
9 1.619 1.441 1.255 0.943 
9 1.618 1.441 1.255 0.943 
9 1.618 1.441 1.255 0.943 
9 1.618 1.441 1.255 0.943 
9 1.618 1.440 1.255 0.943 
9 1.618 1.440 1.254 0.942 
9 1.618 1.440 1.254 0.942 
9 1.617 1.440 1.254 0.942 
9 1.617 1.440 1.254 0.942 
9 1.617 1.440 1.254 0.942 
9 1.617 1.440 1.253 0.942 
9 1.617 1.439 1.253 0.942 
9 1.616 1.439 1.253 0.942 
9 1.616 1.439 1.253 0.941 
9 1.616 1.439 1.253 0.941 
9 1.616 1.439 1.253 0.941 
9 1.616 1.439 1.252 0.941 
9 1.616 1.439 1.252 0.941 
9 1.615 1.438 1.252 0.941 
9 1.615 1.438 1.252 0.941 
9 1.615 1.438 1.252 0.941 
9 1.615 1.438 1.251 0.940 
9 1.615 1.438 1.251 0.940 
9 1.614 1.438 1.251 0.940 
9 1.614 1.438 1.251 0.940 
9 1.614 1.437 1.251 0.940 
9 1.614 1.437 1.251 0.940 
9 1.614 1.437 1.250 0.940 
9 1.614 1.437 1.250 0.940 
9 1.613 1.437 1.250 0.940 
9 1.613 1.437 1.250 0.939 
9 1.613 1.437 1.250 0.939 
9 1.613 1.436 1.250 0.939 
9 1.613 1.436 1.249 0.939 
9 1.612 1.436 1.249 0.939 
9 1.612 1.436 1.249 0.939 
9 1.612 1.436 1.249 0.939 
9 1.612 1.436 1.249 0.939 
9 1.612 1.436 1.248 0.938 
9 1.612 1.435 1.248 0.938 
9 1.611 1.435 1.248 0.938 
9 1.611 1.435 1.248 0.938 
9 1.611 1.435 1.248 0.938 
9 1.611 1.435 1.248 0.938 
9 1.611 1.435 1.247 0.938 
9 1.611 1.435 1.247 0.938 
9 1.610 1.434 1.247 0.938 
9 1.610 1.434 1.247 0.937 
9 1.610 1.434 1.247 0.937 
9 1.610 1.434 1.247 0.937 
9 1.610 1.434 1.246 0.937 
9 1.609 1.434 1.246 0.937 
9 1.609 1.434 1.246 0.937 
9 1.609 1.433 1.246 0.937 
9 1.609 1.433 1.246 0.937 
9 1.609 1.433 1.246 0.936 
9 1.609 1.433 1.245 0.936 
9 1.608 1.433 1.245 0.936 
9 1.608 1.433 1.245 0.936 
9 1.608 1.433 1.245 0.936 
9 1.608 1.433 1.245 0.936 
9 1.608 1.432 1.244 0.936 
9 1.607 1.432 1.244 0.936 
9 1.607 1.432 1.244 0.935 
9 1.607 1.432 1.244 0.935 
9 1.607 1.432 1.244 0.935 
9 1.607 1.432 1.244 0.935 
9 1.607 1.432 1.243 0.935 
9 1.606 1.431 1.243 0.935 
9 1.606 1.431 1.243 0.935 
9 1.606 1.431 1.243 0.935 
9 1.606 1.431 1.243 0.935 
9 1.606 1.431 1.243 0.934 
9 1.606 1.431 1.242 0.934 
9 1.605 1.431 1.242 0.934 
9 1.605 1.430 1.242 0.934 
9 1.605 1.430 1.242 0.934 
9 1.605 1.430 1.242 0.934 
9 1.605 1.430 1.242 0.934 
9 1.604 1.430 1.241 0.934 
9 1.604 1.430 1.241 0.933 
9 1.604 1.430 1.241 0.933 
9 1.604 1.429 1.241 0.933 
9 1.604 1.429 1.241 0.933 
9 1.604 1.429 1.240 0.933 
9 1.603 1.429 1.240 0.933 
9 1.603 1.429 1.240 0.933 
9 1.603 1.429 1.240 0.933 
9 1.603 1.429 1.240 0.933 
9 1.603 1.429 1.240 0.932 
9 1.603 1.428 1.239 0.932 
9 1.602 1.428 1.239 0.932 
9 1.602 1.428 1.239 0.932 
9 1.602 1.428 1.239 0.932 
9 1.602 1.428 1.239 0.932 
9 1.602 1.428 1.239 0.932 
9 1.601 1.428 1.238 0.932 
9 1.601 1.427 1.238 0.931 
9 1.601 1.427 1.238 0.931 
9 1.601 1.427 1.238 0.931 
9 1.601 1.427 1.238 0.931 
9 1.601 1.427 1.238 0.931 
9 1.600 1.427 1.237 0.931 
9 1.600 1.427 1.237 0.931 
9 1.600 1.426 1.237 0.931 
9 1.600 1.426 1.237 0.931 
9 1.600 1.426 1.237 0.930 
9 1.600 1.426 1.236 0.930 
9 1.599 1.426 1.236 0.930 
9 1.599 1.426 1.236 0.930 
9 1.599 1.426 1.236 0.930 
9 1.599 1.425 1.236 0.930 
9 1.599 1.425 1.236 0.930 
9 1.598 1.425 1.235 0.930 
9 1.598 1.425 1.235 0.929 
9 1.598 1.425 1.235 0.929 
9 1.598 1.425 1.235 0.929 
9 1.598 1.425 1.235 0.929 
9 1.598 1.425 1.235 0.929 
9 1.597 1.424 1.234 0.929 
9 1.597 1.424 1.234 0.929 
9 1.597 1.424 1.234 0.929 
9 1.597 1.424 1.234 0.929 
9 1.597 1.424 1.234 0.928 
9 1.597 1.424 1.234 0.928 
9 1.596 1.424 1.233 0.928 
9 1.596 1.423 1.233 0.928 
9 1.596 1.423 1.233 0.928 
9 1.596 1.423 1.233 0.928 
9 1.596 1.423 1.233 0.928 
9 1.596 1.423 1.233 0.928 
9 1.595 1.423 1.232 0.927 
9 1.595 1.423 1.232 0.927 
9 1.595 1.423 1.232 0.927 
9 1.595 1.422 1.232 0.927 
9 1.595 1.422 1.232 0.927 
9 1.594 1.422 1.232 0.927 
9 1.594 1.422 1.231 0.927 
9 1.594 1.422 1.231 0.927 
9 1.594 1.422 1.231 0.927 
9 1.594 1.422 1.231 0.926 
9 1.594 1.421 1.231 0.926 
9 1.593 1.421 1.230 0.926 
9 1.593 1.421 1.230 0.926 
9 1.593 1.421 1.230 0.926 
9 1.593 1.421 1.230 0.926 
9 1.593 1.421 1.230 0.926 
9 1.593 1.421 1.230 0.926 
9 1.592 1.420 1.229 0.925 
9 1.592 1.420 1.229 0.925 
9 1.592 1.420 1.229 0.925 
9 1.592 1.420 1.229 0.925 
9 1.592 1.420 1.229 0.925 
9 1.592 1.420 1.229 0.925 
9 1.591 1.420 1.228 0.925 
9 1.591 1.420 1.228 0.925 
9 1.591 1.419 1.228 0.925 
9 1.591 1.419 1.228 0.924 
9 1.591 1.419 1.228 0.924 
9 1.591 1.419 1.228 0.924 
9 1.590 1.419 1.227 0.924 
9 1.590 1.419 1.227 0.924 
9 1.590 1.419 1.227 0.924 
9 1.590 1.418 1.227 0.924 
9 1.590 1.418 1.227 0.924 
9 1.589 1.418 1.227 0.924 
9 1.589 1.418 1.226 0.923 
9 1.589 1.418 1.226 0.923 
9 1.589 1.418 1.226 0.923 
9 1.589 1.418 1.226 0.923 
9 1.589 1.418 1.226 0.923 
9 1.588 1.417 1.226 0.923 
9 1.588 1.417 1.225 0.923 
9 1.588 1.417 1.225 0.923 
9 1.588 1.417 1.225 0.922 
9 1.588 1.417 1.225 0.922 
9 1.588 1.417 1.225 0.922 
9 1.587 1.417 1.225 0.922 
9 1.587 1.416 1.224 0.922 
9 1.587 1.416 1.224 0.922 
9 1.587 1.416 1.224 0.922 
9 1.587 1.416 1.224 0.922 
9 1.587 1.416 1.224 0.922 
9 1.586 1.416 1.224 0.921 
9 1.586 1.416 1.223 0.921 
9 1.586 1.416 1.223 0.921 
9 1.586 1.415 1.223 0.921 
9 1.586 1.415 1.223 0.921 
9 1.586 1.415 1.223 0.921 
9 1.585 1.415 1.223 0.921 
9 1.585 1.415 1.222 0.921 
9 1.585 1.415 1.222 0.921 
9 1.585 1.415 1.222 0.920 
9 1.585 1.414 1.222 0.920 
9 1.585 1.414 1.222 0.920 
9 1.584 1.414 1.222 0.920 
9 1.584 1.414 1.221 0.920 
9 1.584 1.414 1.221 0.920 
9 1.584 1.414 1.221 0.920 
9 1.584 1.414 1.221 0.920 
9 1.583 1.414 1.221 0.920 
9 1.583 1.413 1.221 0.919 
9 1.583 1.413 1.220 0.919 
9 1.583 1.413 1.220 0.919 
9 1.583 1.413 1.220 0.919 
9 1.583 1.413 1.220 0.919 
9 1.582 1.413 1.220 0.919 
9 1.582 1.413 1.220 0.919 
9 1.582 1.412 1.219 0.919 
9 1.582 1.412 1.219 0.918 
9 1.582 1.412 1.219 0.918 
9 1.582 1.412 1.219 0.918 
9 1.581 1.412 1.219 0.918 
9 1.581 1.412 1.219 0.918 
9 1.581 1.412 1.218 0.918 
9 1.581 1.412 1.218 0.918 
9 1.581 1.411 1.218 0.918 
9 1.581 1.411 1.218 0.918 
9 1.580 1.411 1.218 0.917 
9 1.580 1.411 1.218 0.917 
9 1.580 1.411 1.217 0.917 
9 1.580 1.411 1.217 0.917 
9 1.580 1.411 1.217 0.917 
9 1.580 1.410 1.217 0.917 
9 1.579 1.410 1.217 0.917 
9 1.579 1.410 1.217 0.917 
9 1.579 1.410 1.216 0.917 
9 1.579 1.410 1.216 0.916 
9 1.579 1.410 1.216 0.916 
9 1.579 1.410 1.216 0.916 
9 1.578 1.410 1.216 0.916 
9 1.578 1.409 1.216 0.916 
9 1.578 1.409 1.215 0.916 
9 1.578 1.409 1.215 0.916 
9 1.578 1.409 1.215 0.916 
9 1.578 1.409 1.215 0.916 
9 1.577 1.409 1.215 0.915 
9 1.577 1.409 1.215 0.915 
9 1.577 1.409 1.214 0.915 
9 1.577 1.408 1.214 0.915 
9 1.577 1.408 1.214 0.915 
9 1.577 1.408 1.214 0.915 
9 1.576 1.408 1.214 0.915 
9 1.576 1.408 1.214 0.915 
9 1.576 1.408 1.213 0.915 
9 1.576 1.408 1.213 0.914 
9 1.576 1.407 1.213 0.914 
9 1.576 1.407 1.213 0.914 
9 1.575 1.407 1.213 0.914 
9 1.575 1.407 1.213 0.914 
9 1.575 1.407 1.212 0.914 
9 1.575 1.407 1.212 0.914 
9 1.575 1.407 1.212 0.914 
9 1.575 1.407 1.212 0.913 
9 1.574 1.406 1.212 0.913 
9 1.574 1.406 1.212 0.913 
9 1.574 1.406 1.211 0.913 
9 1.574 1.406 1.211 0.913 
9 1.574 1.406 1.211 0.913 
9 1.574 1.406 1.211 0.913 
9 1.573 1.406 1.211 0.913 
9 1.573 1.406 1.211 0.913 
9 1.573 1.405 1.210 0.912 
9 1.573 1.405 1.210 0.912 
9 1.573 1.405 1.210 0.912 
9 1.573 1.405 1.210 0.912 
9 1.572 1.405 1.210 0.912 
9 1.572 1.405 1.210 0.912 
9 1.572 1.405 1.209 0.912 
9 1.572 1.404 1.209 0.912 
9 1.572 1.404 1.209 0.912 
9 1.572 1.404 1.209 0.911 
9 1.571 1.404 1.209 0.911 
9 1.571 1.404 1.209 0.911 
9 1.571 1.404 1.208 0.911 
9 1.571 1.404 1.208 0.911 
9 1.571 1.404 1.208 0.911 
9 1.571 1.403 1.208 0.911 
9 1.570 1.403 1.208 0.911 
9 1.570 1.403 1.208 0.911 
9 1.570 1.403 1.207 0.910 
9 1.570 1.403 1.207 0.910 
9 1.570 1.403 1.207 0.910 
9 1.570 1.403 1.207 0.910 
9 1.569 1.403 1.207 0.910 
9 1.569 1.402 1.207 0.910 
9 1.569 1.402 1.206 0.910 
9 1.569 1.402 1.206 0.910 
9 1.569 1.402 1.206 0.910 
9 1.569 1.402 1.206 0.909 
9 1.568 1.402 1.206 0.909 
9 1.568 1.402 1.206 0.909 
9 1.568 1.402 1.206 0.909 
9 1.568 1.401 1.205 0.909 
9 1.568 1.401 1.205 0.909 
9 1.568 1.401 1.205 0.909 
9 1.567 1.401 1.205 0.909 
9 1.567 1.401 1.205 0.909 
9 1.567 1.401 1.205 0.908 
9 1.567 1.401 1.204 0.908 
9 1.567 1.401 1.204 0.908 
9 1.567 1.400 1.204 0.908 
9 1.566 1.400 1.204 0.908 
9 1.566 1.400 1.204 0.908 
9 1.566 1.400 1.204 0.908 
9 1.566 1.400 1.203 0.908 
9 1.566 1.400 1.203 0.908 
9 1.566 1.400 1.203 0.907 
9 1.565 1.399 1.203 0.907 
9 1.565 1.399 1.203 0.907 
9 1.565 1.399 1.203 0.907 
9 1.565 1.399 1.202 0.907 
9 1.565 1.399 1.202 0.907 
9 1.565 1.399 1.202 0.907 
9 1.564 1.399 1.202 0.907 
9 1.564 1.399 1.202 0.907 
9 1.564 1.398 1.202 0.906 
9 1.564 1.398 1.201 0.906 
9 1.564 1.398 1.201 0.906 
9 1.564 1.398 1.201 0.906 
9 1.563 1.398 1.201 0.906 
9 1.563 1.398 1.201 0.906 
9 1.563 1.398 1.201 0.906 
9 1.563 1.398 1.200 0.906 
9 1.563 1.397 1.200 0.906 
9 1.563 1.397 1.200 0.905 
9 1.563 1.397 1.200 0.905 
9 1.562 1.397 1.200 0.905 
9 1.562 1.397 1.200 0.905 
9 1.562 1.397 1.200 0.905 
9 1.562 1.397 1.199 0.905 
9 1.562 1.397 1.199 0.905 
9 1.562 1.396 1.199 0.905 
9 1.561 1.396 1.199 0.905 
9 1.561 1.396 1.199 0.904 
9 1.561 1.396 1.199 0.904 
9 1.561 1.396 1.198 0.904 
9 1.561 1.396 1.198 0.904 
9 1.561 1.396 1.198 0.904 
9 1.560 1.396 1.198 0.904 
9 1.560 1.395 1.198 0.904 
9 1.560 1.395 1.198 0.904 
9 1.560 1.395 1.197 0.904 
9 1.560 1.395 1.197 0.903 
9 1.560 1.395 1.197 0.903 
9 1.559 1.395 1.197 0.903 
9 1.559 1.395 1.197 0.903 
9 1.559 1.395 1.197 0.903 
9 1.559 1.394 1.196 0.903 
9 1.559 1.394 1.196 0.903 
9 1.559 1.394 1.196 0.903 
9 1.558 1.394 1.196 0.903 
9 1.558 1.394 1.196 0.902 
9 1.558 1.394 1.196 0.902 
9 1.558 1.394 1.196 0.902 
9 1.558 1.394 1.195 0.902 
9 1.558 1.393 1.195 0.902 
9 1.557 1.393 1.195 0.902 
9 1.557 1.393 1.195 0.902 
9 1.557 1.393 1.195 0.902 
9 1.557 1.393 1.195 0.902 
9 1.557 1.393 1.194 0.901 
9 1.557 1.393 1.194 0.901 
9 1.557 1.393 1.194 0.901 
9 1.556 1.392 1.194 0.901 
9 1.556 1.392 1.194 0.901 
9 1.556 1.392 1.194 0.901 
9 1.556 1.392 1.193 0.901 
9 1.556 1.392 1.193 0.901 
9 1.556 1.392 1.193 0.901 
9 1.555 1.392 1.193 0.901 
9 1.555 1.392 1.193 0.900 
9 1.555 1.391 1.193 0.900 
9 1.555 1.391 1.193 0.900 
9 1.555 1.391 1.192 0.900 
9 1.555 1.391 1.192 0.900 
9 1.554 1.391 1.192 0.900 
9 1.554 1.391 1.192 0.900 
9 1.554 1.391 1.192 0.900 
9 1.554 1.391 1.192 0.900 
9 1.554 1.390 1.191 0.899 
9 1.554 1.390 1.191 0.899 
9 1.553 1.390 1.191 0.899 
9 1.553 1.390 1.191 0.899 
9 1.553 1.390 1.191 0.899 
9 1.553 1.390 1.191 0.899 
9 1.553 1.390 1.190 0.899 
9 1.553 1.390 1.190 0.899 
9 1.553 1.389 1.190 0.899 
9 1.552 1.389 1.190 0.898 
9 1.552 1.389 1.190 0.898 
9 1.552 1.389 1.190 0.898 
9 1.552 1.389 1.189 0.898 
9 1.552 1.389 1.189 0.898 
9 1.552 1.389 1.189 0.898 
9 1.551 1.389 1.189 0.898 
9 1.551 1.388 1.189 0.898 
9 1.551 1.388 1.189 0.898 
9 1.551 1.388 1.189 0.897 
9 1.551 1.388 1.188 0.897 
9 1.551 1.388 1.188 0.897 
9 1.550 1.388 1.188 0.897 
9 1.550 1.388 1.188 0.897 
9 1.550 1.388 1.188 0.897 
9 1.550 1.387 1.188 0.897 
9 1.550 1.387 1.187 0.897 
9 1.550 1.387 1.187 0.897 
9 1.549 1.387 1.187 0.896 
9 1.549 1.387 1.187 0.896 
9 1.549 1.387 1.187 0.896 
9 1.549 1.387 1.187 0.896 
9 1.549 1.387 1.187 0.896 
9 1.549 1.386 1.186 0.896 
9 1.549 1.386 1.186 0.896 
9 1.548 1.386 1.186 0.896 
9 1.548 1.386 1.186 0.896 
9 1.548 1.386 1.186 0.896 
9 1.548 1.386 1.186 0.895 
9 1.548 1.386 1.185 0.895 
9 1.548 1.386 1.185 0.895 
9 1.547 1.385 1.185 0.895 
9 1.547 1.385 1.185 0.895 
9 1.547 1.385 1.185 0.895 
9 1.547 1.385 1.185 0.895 
9 1.547 1.385 1.184 0.895 
9 1.547 1.385 1.184 0.895 
9 1.546 1.385 1.184 0.894 
9 1.546 1.385 1.184 0.894 
9 1.546 1.384 1.184 0.894 
9 1.546 1.384 1.184 0.894 
9 1.546 1.384 1.184 0.894 
9 1.546 1.384 1.183 0.894 
9 1.546 1.384 1.183 0.894 
9 1.545 1.384 1.183 0.894 
9 1.545 1.384 1.183 0.894 
9 1.545 1.384 1.183 0.893 
9 1.545 1.384 1.183 0.893 
9 1.545 1.383 1.182 0.893 
9 1.545 1.383 1.182 0.893 
9 1.544 1.383 1.182 0.893 
9 1.544 1.383 1.182 0.893 
9 1.544 1.383 1.182 0.893 
9 1.544 1.383 1.182 0.893 
9 1.544 1.383 1.182 0.893 
9 1.544 1.383 1.181 0.893 
9 1.543 1.382 1.181 0.892 
9 1.543 1.382 1.181 0.892 
9 1.543 1.382 1.181 0.892 
9 1.543 1.382 1.181 0.892 
9 1.543 1.382 1.181 0.892 
9 1.543 1.382 1.180 0.892 
9 1.543 1.382 1.180 0.892 
9 1.542 1.382 1.180 0.892 
9 1.542 1.381 1.180 0.892 
9 1.542 1.381 1.180 0.891 
9 1.542 1.381 1.180 0.891 
9 1.542 1.381 1.180 0.891 
9 1.542 1.381 1.179 0.891 
9 1.541 1.381 1.179 0.891 
9 1.541 1.381 1.179 0.891 
9 1.541 1.381 1.179 0.891 
9 1.541 1.380 1.179 0.891 
9 1.541 1.380 1.179 0.891 
9 1.541 1.380 1.178 0.891 
9 1.541 1.380 1.178 0.890 
9 1.540 1.380 1.178 0.890 
9 1.540 1.380 1.178 0.890 
9 1.540 1.380 1.178 0.890 
9 1.540 1.380 1.178 0.890 
9 1.540 1.380 1.178 0.890 
9 1.540 1.379 1.177 0.890 
9 1.539 1.379 1.177 0.890 
9 1.539 1.379 1.177 0.890 
9 1.539 1.379 1.177 0.889 
9 1.539 1.379 1.177 0.889 
9 1.539 1.379 1.177 0.889 
9 1.539 1.379 1.176 0.889 
9 1.538 1.379 1.176 0.889 
9 1.538 1.378 1.176 0.889 
9 1.538 1.378 1.176 0.889 
9 1.538 1.378 1.176 0.889 
9 1.538 1.378 1.176 0.889 
9 1.538 1.378 1.176 0.888 
9 1.538 1.378 1.175 0.888 
9 1.537 1.378 1.175 0.888 
9 1.537 1.378 1.175 0.888 
9 1.537 1.377 1.175 0.888 
9 1.537 1.377 1.175 0.888 
9 1.537 1.377 1.175 0.888 
9 1.537 1.377 1.174 0.888 
9 1.536 1.377 1.174 0.888 
9 1.536 1.377 1.174 0.888 
9 1.536 1.377 1.174 0.887 
9 1.536 1.377 1.174 0.887 
9 1.536 1.377 1.174 0.887 
9 1.536 1.376 1.174 0.887 
9 1.536 1.376 1.173 0.887 
9 1.535 1.376 1.173 0.887 
9 1.535 1.376 1.173 0.887 
9 1.535 1.376 1.173 0.887 
9 1.535 1.376 1.173 0.887 
9 1.535 1.376 1.173 0.886 
9 1.535 1.376 1.172 0.886 
9 1.534 1.375 1.172 0.886 
9 1.534 1.375 1.172 0.886 
9 1.534 1.375 1.172 0.886 
9 1.534 1.375 1.172 0.886 
9 1.534 1.375 1.172 0.886 
9 1.534 1.375 1.172 0.886 
9 1.534 1.375 1.171 0.886 
9 1.533 1.375 1.171 0.886 
9 1.533 1.374 1.171 0.885 
9 1.533 1.374 1.171 0.885 
9 1.533 1.374 1.171 0.885 
9 1.533 1.374 1.171 0.885 
9 1.533 1.374 1.170 0.885 
9 1.532 1.374 1.170 0.885 
9 1.532 1.374 1.170 0.885 
9 1.532 1.374 1.170 0.885 
9 1.532 1.374 1.170 0.885 
9 1.532 1.373 1.170 0.885 
9 1.532 1.373 1.170 0.884 
9 1.532 1.373 1.169 0.884 
9 1.531 1.373 1.169 0.884 
9 1.531 1.373 1.169 0.884 
9 1.531 1.373 1.169 0.884 
9 1.531 1.373 1.169 0.884 
9 1.531 1.373 1.169 0.884 
9 1.531 1.372 1.169 0.884 
9 1.531 1.372 1.168 0.884 
9 1.530 1.372 1.168 0.883 
9 1.530 1.372 1.168 0.883 
9 1.530 1.372 1.168 0.883 
9 1.530 1.372 1.168 0.883 
9 1.530 1.372 1.168 0.883 
9 1.530 1.372 1.167 0.883 
9 1.529 1.372 1.167 0.883 
9 1.529 1.371 1.167 0.883 
9 1.529 1.371 1.167 0.883 
9 1.529 1.371 1.167 0.883 
9 1.529 1.371 1.167 0.882 
9 1.529 1.371 1.167 0.882 
9 1.529 1.371 1.166 0.882 
9 1.528 1.371 1.166 0.882 
9 1.528 1.371 1.166 0.882 
9 1.528 1.370 1.166 0.882 
9 1.528 1.370 1.166 0.882 
9 1.528 1.370 1.166 0.882 
9 1.528 1.370 1.166 0.882 
9 1.527 1.370 1.165 0.881 
9 1.527 1.370 1.165 0.881 
9 1.527 1.370 1.165 0.881 
9 1.527 1.370 1.165 0.881 
9 1.527 1.370 1.165 0.881 
9 1.527 1.369 1.165 0.881 
9 1.527 1.369 1.164 0.881 
9 1.526 1.369 1.164 0.881 
9 1.526 1.369 1.164 0.881 
9 1.526 1.369 1.164 0.881 
9 1.526 1.369 1.164 0.880 
9 1.526 1.369 1.164 0.880 
9 1.526 1.369 1.164 0.880 
9 1.526 1.368 1.163 0.880 
9 1.525 1.368 1.163 0.880 
9 1.525 1.368 1.163 0.880 
9 1.525 1.368 1.163 0.880 
9 1.525 1.368 1.163 0.880 
9 1.525 1.368 1.163 0.880 
9 1.525 1.368 1.163 0.880 
9 1.524 1.368 1.162 0.879 
9 1.524 1.368 1.162 0.879 
9 1.524 1.367 1.162 0.879 
9 1.524 1.367 1.162 0.879 
9 1.524 1.367 1.162 0.879 
9 1.524 1.367 1.162 0.879 
9 1.524 1.367 1.161 0.879 
9 1.523 1.367 1.161 0.879 
9 1.523 1.367 1.161 0.879 
9 1.523 1.367 1.161 0.879 
9 1.523 1.367 1.161 0.878 
9 1.523 1.366 1.161 0.878 
9 1.523 1.366 1.161 0.878 
9 1.522 1.366 1.160 0.878 
9 1.522 1.366 1.160 0.878 
9 1.522 1.366 1.160 0.878 
9 1.522 1.366 1.160 0.878 
9 1.522 1.366 1.160 0.878 
9 1.522 1.366 1.160 0.878 
9 1.522 1.365 1.160 0.877 
9 1.521 1.365 1.159 0.877 
9 1.521 1.365 1.159 0.877 
9 1.521 1.365 1.159 0.877 
9 1.521 1.365 1.159 0.877 
9 1.521 1.365 1.159 0.877 
9 1.521 1.365 1.159 0.877 
9 1.521 1.365 1.159 0.877 
9 1.520 1.365 1.158 0.877 
9 1.520 1.364 1.158 0.877 
9 1.520 1.364 1.158 0.876 
9 1.520 1.364 1.158 0.876 
9 1.520 1.364 1.158 0.876 
9 1.520 1.364 1.158 0.876 
9 1.520 1.364 1.157 0.876 
9 1.519 1.364 1.157 0.876 
9 1.519 1.364 1.157 0.876 
9 1.519 1.364 1.157 0.876 
9 1.519 1.363 1.157 0.876 
9 1.519 1.363 1.157 0.876 
9 1.519 1.363 1.157 0.875 
9 1.518 1.363 1.156 0.875 
9 1.518 1.363 1.156 0.875 
9 1.518 1.363 1.156 0.875 
9 1.518 1.363 1.156 0.875 
9 1.518 1.363 1.156 0.875 
9 1.518 1.362 1.156 0.875 
9 1.518 1.362 1.156 0.875 
9 1.517 1.362 1.155 0.875 
9 1.517 1.362 1.155 0.875 
9 1.517 1.362 1.155 0.874 
9 1.517 1.362 1.155 0.874 
9 1.517 1.362 1.155 0.874 
9 1.517 1.362 1.155 0.874 
9 1.517 1.362 1.155 0.874 
9 1.516 1.361 1.154 0.874 
9 1.516 1.361 1.154 0.874 
9 1.516 1.361 1.154 0.874 
9 1.516 1.361 1.154 0.874 
9 1.516 1.361 1.154 0.874 
9 1.516 1.361 1.154 0.873 
9 1.516 1.361 1.154 0.873 
9 1.515 1.361 1.153 0.873 
9 1.515 1.361 1.153 0.873 
9 1.515 1.360 1.153 0.873 
9 1.515 1.360 1.153 0.873 
9 1.515 1.360 1.153 0.873 
9 1.515 1.360 1.153 0.873 
9 1.514 1.360 1.152 0.873 
9 1.514 1.360 1.152 0.873 
9 1.514 1.360 1.152 0.872 
9 1.514 1.360 1.152 0.872 
9 1.514 1.360 1.152 0.872 
9 1.514 1.359 1.152 0.872 
9 1.514 1.359 1.152 0.872 
9 1.513 1.359 1.151 0.872 
9 1.513 1.359 1.151 0.872 
9 1.513 1.359 1.151 0.872 
9 1.513 1.359 1.151 0.872 
9 1.513 1.359 1.151 0.872 
9 1.513 1.359 1.151 0.871 
9 1.513 1.358 1.151 0.871 
9 1.512 1.358 1.150 0.871 
9 1.512 1.358 1.150 0.871 
9 1.512 1.358 1.150 0.871 
9 1.512 1.358 1.150 0.871 
9 1.512 1.358 1.150 0.871 
9 1.512 1.358 1.150 0.871 
9 1.512 1.358 1.150 0.871 
9 1.511 1.358 1.149 0.870 
9 1.511 1.357 1.149 0.870 
9 1.511 1.357 1.149 0.870 
9 1.511 1.357 1.149 0.870 
9 1.511 1.357 1.149 0.870 
9 1.511 1.357 1.149 0.870 
9 1.511 1.357 1.149 0.870 
9 1.510 1.357 1.148 0.870 
9 1.510 1.357 1.148 0.870 
9 1.510 1.357 1.148 0.870 
9 1.510 1.356 1.148 0.869 
9 1.510 1.356 1.148 0.869 
9 1.510 1.356 1.148 0.869 
9 1.510 1.356 1.148 0.869 
9 1.509 1.356 1.147 0.869 
9 1.509 1.356 1.147 0.869 
9 1.509 1.356 1.147 0.869 
9 1.509 1.356 1.147 0.869 
9 1.509 1.356 1.147 0.869 
9 1.509 1.355 1.147 0.869 
9 1.509 1.355 1.147 0.869 
9 1.508 1.355 1.146 0.868 
9 1.508 1.355 1.146 0.868 
9 1.508 1.355 1.146 0.868 
9 1.508 1.355 1.146 0.868 
9 1.508 1.355 1.146 0.868 
9 1.508 1.355 1.146 0.868 
9 1.507 1.355 1.146 0.868 
9 1.507 1.354 1.145 0.868 
9 1.507 1.354 1.145 0.868 
9 1.507 1.354 1.145 0.868 
9 1.507 1.354 1.145 0.867 
9 1.507 1.354 1.145 0.867 
9 1.507 1.354 1.145 0.867 
9 1.506 1.354 1.145 0.867 
9 1.506 1.354 1.144 0.867 
9 1.506 1.354 1.144 0.867 
9 1.506 1.353 1.144 0.867 
9 1.506 1.353 1.144 0.867 
9 1.506 1.353 1.144 0.867 
9 1.506 1.353 1.144 0.867 
9 1.505 1.353 1.144 0.866 
9 1.505 1.353 1.143 0.866 
9 1.505 1.353 1.143 0.866 
9 1.505 1.353 1.143 0.866 
9 1.505 1.353 1.143 0.866 
9 1.505 1.352 1.143 0.866 
9 1.505 1.352 1.143 0.866 
9 1.504 1.352 1.143 0.866 
9 1.504 1.352 1.142 0.866 
9 1.504 1.352 1.142 0.866 
9 1.504 1.352 1.142 0.865 
9 1.504 1.352 1.142 0.865 
9 1.504 1.352 1.142 0.865 
9 1.504 1.352 1.142 0.865 
9 1.503 1.351 1.142 0.865 
9 1.503 1.351 1.141 0.865 
9 1.503 1.351 1.141 0.865 
9 1.503 1.351 1.141 0.865 
9 1.503 1.351 1.141 0.865 
9 1.503 1.351 1.141 0.865 
9 1.503 1.351 1.141 0.864 
9 1.502 1.351 1.141 0.864 
9 1.502 1.351 1.140 0.864 
9 1.502 1.350 1.140 0.864 
9 1.502 1.350 1.140 0.864 
9 1.502 1.350 1.140 0.864 
9 1.502 1.350 1.140 0.864 
9 1.502 1.350 1.140 0.864 
9 1.501 1.350 1.140 0.864 
9 1.501 1.350 1.139 0.864 
9 1.501 1.350 1.139 0.863 
9 1.501 1.350 1.139 0.863 
9 1.501 1.349 1.139 0.863 
9 1.501 1.349 1.139 0.863 
9 1.501 1.349 1.139 0.863 
9 1.500 1.349 1.139 0.863 
9 1.500 1.349 1.138 0.863 
9 1.500 1.349 1.138 0.863 
9 1.500 1.349 1.138 0.863 
9 1.500 1.349 1.138 0.863 
9 1.500 1.349 1.138 0.862 
9 1.500 1.348 1.138 0.862 
9 1.499 1.348 1.138 0.862 
9 1.499 1.348 1.137 0.862 
9 1.499 1.348 1.137 0.862 
9 1.499 1.348 1.137 0.862 
9 1.499 1.348 1.137 0.862 
9 1.499 1.348 1.137 0.862 
9 1.499 1.348 1.137 0.862 
9 1.498 1.348 1.137 0.862 
9 1.498 1.347 1.136 0.862 
9 1.498 1.347 1.136 0.861 
9 1.498 1.347 1.136 0.861 
9 1.498 1.347 1.136 0.861 
9 1.498 1.347 1.136 0.861 
9 1.498 1.347 1.136 0.861 
9 1.497 1.347 1.136 0.861 
9 1.497 1.347 1.135 0.861 
9 1.497 1.347 1.135 0.861 
9 1.497 1.346 1.135 0.861 
9 1.497 1.346 1.135 0.861 
9 1.497 1.346 1.135 0.860 
9 1.497 1.346 1.135 0.860 
9 1.497 1.346 1.135 0.860 
9 1.496 1.346 1.134 0.860 
9 1.496 1.346 1.134 0.860 
9 1.496 1.346 1.134 0.860 
9 1.496 1.346 1.134 0.860 
9 1.496 1.346 1.134 0.860 
9 1.496 1.345 1.134 0.860 
9 1.496 1.345 1.134 0.860 
9 1.495 1.345 1.133 0.859 
9 1.495 1.345 1.133 0.859 
9 1.495 1.345 1.133 0.859 
9 1.495 1.345 1.133 0.859 
9 1.495 1.345 1.133 0.859 
9 1.495 1.345 1.133 0.859 
9 1.495 1.345 1.133 0.859 
9 1.494 1.344 1.133 0.859 
9 1.494 1.344 1.132 0.859 
9 1.494 1.344 1.132 0.859 
9 1.494 1.344 1.132 0.859 
9 1.494 1.344 1.132 0.858 
9 1.494 1.344 1.132 0.858 
9 1.494 1.344 1.132 0.858 
9 1.493 1.344 1.132 0.858 
9 1.493 1.344 1.131 0.858 
9 1.493 1.343 1.131 0.858 
9 1.493 1.343 1.131 0.858 
9 1.493 1.343 1.131 0.858 
9 1.493 1.343 1.131 0.858 
9 1.493 1.343 1.131 0.858 
9 1.492 1.343 1.131 0.857 
9 1.492 1.343 1.130 0.857 
9 1.492 1.343 1.130 0.857 
9 1.492 1.343 1.130 0.857 
9 1.492 1.342 1.130 0.857 
9 1.492 1.342 1.130 0.857 
9 1.492 1.342 1.130 0.857 
9 1.491 1.342 1.130 0.857 
9 1.491 1.342 1.129 0.857 
9 1.491 1.342 1.129 0.857 
9 1.491 1.342 1.129 0.856 
9 1.491 1.342 1.129 0.856 
9 1.491 1.342 1.129 0.856 
9 1.491 1.342 1.129 0.856 
9 1.490 1.341 1.129 0.856 
9 1.490 1.341 1.128 0.856 
9 1.490 1.341 1.128 0.856 
9 1.490 1.341 1.128 0.856 
9 1.490 1.341 1.128 0.856 
9 1.490 1.341 1.128 0.856 
9 1.490 1.341 1.128 0.856 
9 1.490 1.341 1.128 0.855 
9 1.489 1.341 1.128 0.855 
9 1.489 1.340 1.127 0.855 
9 1.489 1.340 1.127 0.855 
9 1.489 1.340 1.127 0.855 
9 1.489 1.340 1.127 0.855 
9 1.489 1.340 1.127 0.855 
9 1.489 1.340 1.127 0.855 
9 1.488 1.340 1.127 0.855 
9 1.488 1.340 1.126 0.855 
9 1.488 1.340 1.126 0.854 
9 1.488 1.339 1.126 0.854 
9 1.488 1.339 1.126 0.854 
9 1.488 1.339 1.126 0.854 
9 1.488 1.339 1.126 0.854 
9 1.487 1.339 1.126 0.854 
9 1.487 1.339 1.125 0.854 
9 1.487 1.339 1.125 0.854 
9 1.487 1.339 1.125 0.854 
9 1.487 1.339 1.125 0.854 
9 1.487 1.339 1.125 0.854 
9 1.487 1.338 1.125 0.853 
9 1.486 1.338 1.125 0.853 
9 1.486 1.338 1.124 0.853 
9 1.486 1.338 1.124 0.853 
9 1.486 1.338 1.124 0.853 
9 1.486 1.338 1.124 0.853 
9 1.486 1.338 1.124 0.853 
9 1.486 1.338 1.124 0.853 
9 1.486 1.338 1.124 0.853 
9 1.485 1.337 1.124 0.853 
9 1.485 1.337 1.123 0.852 
9 1.485 1.337 1.123 0.852 
9 1.485 1.337 1.123 0.852 
9 1.485 1.337 1.123 0.852 
9 1.485 1.337 1.123 0.852 
9 1.485 1.337 1.123 0.852 
9 1.484 1.337 1.123 0.852 
9 1.484 1.337 1.122 0.852 
9 1.484 1.337 1.122 0.852 
9 1.484 1.336 1.122 0.852 
9 1.484 1.336 1.122 0.852 
9 1.484 1.336 1.122 0.851 
9 1.484 1.336 1.122 0.851 
9 1.483 1.336 1.122 0.851 
9 1.483 1.336 1.121 0.851 
9 1.483 1.336 1.121 0.851 
9 1.483 1.336 1.121 0.851 
9 1.483 1.336 1.121 0.851 
9 1.483 1.335 1.121 0.851 
9 1.483 1.335 1.121 0.851 
9 1.483 1.335 1.121 0.851 
9 1.482 1.335 1.121 0.851 
9 1.482 1.335 1.120 0.850 
9 1.482 1.335 1.120 0.850 
9 1.482 1.335 1.120 0.850 
9 1.482 1.335 1.120 0.850 
9 1.482 1.335 1.120 0.850 
9 1.482 1.335 1.120 0.850 
9 1.481 1.334 1.120 0.850 
9 1.481 1.334 1.119 0.850 
9 1.481 1.334 1.119 0.850 
9 1.481 1.334 1.119 0.850 
9 1.481 1.334 1.119 0.849 
9 1.481 1.334 1.119 0.849 
9 1.481 1.334 1.119 0.849 
9 1.480 1.334 1.119 0.849 
9 1.480 1.334 1.119 0.849 
9 1.480 1.333 1.118 0.849 
9 1.480 1.333 1.118 0.849 
9 1.480 1.333 1.118 0.849 
9 1.480 1.333 1.118 0.849 
9 1.480 1.333 1.118 0.849 
9 1.480 1.333 1.118 0.849 
9 1.479 1.333 1.118 0.848 
9 1.479 1.333 1.117 0.848 
9 1.479 1.333 1.117 0.848 
9 1.479 1.333 1.117 0.848 
9 1.479 1.332 1.117 0.848 
9 1.479 1.332 1.117 0.848 
9 1.479 1.332 1.117 0.848 
9 1.478 1.332 1.117 0.848 
9 1.478 1.332 1.116 0.848 
9 1.478 1.332 1.116 0.848 
9 1.478 1.332 1.116 0.848 
9 1.478 1.332 1.116 0.847 
9 1.478 1.332 1.116 0.847 
9 1.478 1.332 1.116 0.847 
9 1.478 1.331 1.116 0.847 
9 1.477 1.331 1.116 0.847 
9 1.477 1.331 1.115 0.847 
9 1.477 1.331 1.115 0.847 
9 1.477 1.331 1.115 0.847 
9 1.477 1.331 1.115 0.847 
9 1.477 1.331 1.115 0.847 
9 1.477 1.331 1.115 0.846 
9 1.476 1.331 1.115 0.846 
9 1.476 1.330 1.114 0.846 
9 1.476 1.330 1.114 0.846 
9 1.476 1.330 1.114 0.846 
9 1.476 1.330 1.114 0.846 
9 1.476 1.330 1.114 0.846 
9 1.476 1.330 1.114 0.846 
9 1.476 1.330 1.114 0.846 
9 1.475 1.330 1.114 0.846 
9 1.475 1.330 1.113 0.846 
9 1.475 1.330 1.113 0.845 
9 1.475 1.329 1.113 0.845 
9 1.475 1.329 1.113 0.845 
9 1.475 1.329 1.113 0.845 
9 1.475 1.329 1.113 0.845 
9 1.474 1.329 1.113 0.845 
9 1.474 1.329 1.112 0.845 
9 1.474 1.329 1.112 0.845 
9 1.474 1.329 1.112 0.845 
9 1.474 1.329 1.112 0.845 
9 1.474 1.329 1.112 0.845 
9 1.474 1.328 1.112 0.844 
9 1.474 1.328 1.112 0.844 
9 1.473 1.328 1.112 0.844 
9 1.473 1.328 1.111 0.844 
9 1.473 1.328 1.111 0.844 
9 1.473 1.328 1.111 0.844 
9 1.473 1.328 1.111 0.844 
9 1.473 1.328 1.111 0.844 
9 1.473 1.328 1.111 0.844 
9 1.472 1.327 1.111 0.844 
9 1.472 1.327 1.110 0.844 
9 1.472 1.327 1.110 0.843 
9 1.472 1.327 1.110 0.843 
9 1.472 1.327 1.110 0.843 
9 1.472 1.327 1.110 0.843 
9 1.472 1.327 1.110 0.843 
9 1.472 1.327 1.110 0.843 
9 1.471 1.327 1.110 0.843 
9 1.471 1.327 1.109 0.843 
9 1.471 1.326 1.109 0.843 
9 1.471 1.326 1.109 0.843 
9 1.471 1.326 1.109 0.843 
9 1.471 1.326 1.109 0.842 
9 1.471 1.326 1.109 0.842 
9 1.470 1.326 1.109 0.842 
9 1.470 1.326 1.109 0.842 
9 1.470 1.326 1.108 0.842 
9 1.470 1.326 1.108 0.842 
9 1.470 1.326 1.108 0.842 
9 1.470 1.325 1.108 0.842 
9 1.470 1.325 1.108 0.842 
9 1.470 1.325 1.108 0.842 
9 1.469 1.325 1.108 0.842 
9 1.469 1.325 1.107 0.841 
9 1.469 1.325 1.107 0.841 
9 1.469 1.325 1.107 0.841 
9 1.469 1.325 1.107 0.841 
9 1.469 1.325 1.107 0.841 
9 1.469 1.325 1.107 0.841 
9 1.468 1.324 1.107 0.841 
9 1.468 1.324 1.107 0.841 
9 1.468 1.324 1.106 0.841 
9 1.468 1.324 1.106 0.841 
9 1.468 1.324 1.106 0.841 
9 1.468 1.324 1.106 0.840 
9 1.468 1.324 1.106 0.840 
9 1.468 1.324 1.106 0.840 
9 1.467 1.324 1.106 0.840 
9 1.467 1.324 1.105 0.840 
9 1.467 1.323 1.105 0.840 
9 1.467 1.323 1.105 0.840 
9 1.467 1.323 1.105 0.840 
9 1.467 1.323 1.105 0.840 
9 1.467 1.323 1.105 0.840 
9 1.467 1.323 1.105 0.840 
9 1.466 1.323 1.105 0.839 
9 1.466 1.323 1.104 0.839 
9 1.466 1.323 1.104 0.839 
9 1.466 1.323 1.104 0.839 
9 1.466 1.322 1.104 0.839 
9 1.466 1.322 1.104 0.839 
9 1.466 1.322 1.104 0.839 
9 1.465 1.322 1.104 0.839 
9 1.465 1.322 1.104 0.839 
9 1.465 1.322 1.103 0.839 
9 1.465 1.322 1.103 0.839 
9 1.465 1.322 1.103 0.838 
9 1.465 1.322 1.103 0.838 
9 1.465 1.322 1.103 0.838 
9 1.465 1.321 1.103 0.838 
9 1.464 1.321 1.103 0.838 
9 1.464 1.321 1.102 0.838 
9 1.464 1.321 1.102 0.838 
9 1.464 1.321 1.102 0.838 
9 1.464 1.321 1.102 0.838 
9 1.464 1.321 1.102 0.838 
9 1.464 1.321 1.102 0.838 
9 1.464 1.321 1.102 0.837 
9 1.463 1.321 1.102 0.837 
9 1.463 1.320 1.101 0.837 
9 1.463 1.320 1.101 0.837 
9 1.463 1.320 1.101 0.837 
9 1.463 1.320 1.101 0.837 
9 1.463 1.320 1.101 0.837 
9 1.463 1.320 1.101 0.837 
9 1.462 1.320 1.101 0.837 
9 1.462 1.320 1.101 0.837 
9 1.462 1.320 1.100 0.837 
9 1.462 1.320 1.100 0.836 
9 1.462 1.319 1.100 0.836 
9 1.462 1.319 1.100 0.836 
9 1.462 1.319 1.100 0.836 
9 1.462 1.319 1.100 0.836 
9 1.461 1.319 1.100 0.836 
9 1.461 1.319 1.100 0.836 
9 1.461 1.319 1.099 0.836 
9 1.461 1.319 1.099 0.836 
9 1.461 1.319 1.099 0.836 
9 1.461 1.319 1.099 0.836 
9 1.461 1.318 1.099 0.835 
9 1.461 1.318 1.099 0.835 
9 1.460 1.318 1.099 0.835 
9 1.460 1.318 1.098 0.835 
9 1.460 1.318 1.098 0.835 
9 1.460 1.318 1.098 0.835 
9 1.460 1.318 1.098 0.835 
9 1.460 1.318 1.098 0.835 
9 1.460 1.318 1.098 0.835 
9 1.460 1.318 1.098 0.835 
9 1.459 1.317 1.098 0.835 
9 1.459 1.317 1.097 0.835 
9 1.459 1.317 1.097 0.834 
9 1.459 1.317 1.097 0.834 
9 1.459 1.317 1.097 0.834 
9 1.459 1.317 1.097 0.834 
9 1.459 1.317 1.097 0.834 
9 1.459 1.317 1.097 0.834 
9 1.458 1.317 1.097 0.834 
9 1.458 1.317 1.096 0.834 
9 1.458 1.316 1.096 0.834 
9 1.458 1.316 1.096 0.834 
9 1.458 1.316 1.096 0.834 
9 1.458 1.316 1.096 0.833 
9 1.458 1.316 1.096 0.833 
9 1.457 1.316 1.096 0.833 
9 1.457 1.316 1.096 0.833 
9 1.457 1.316 1.095 0.833 
9 1.457 1.316 1.095 0.833 
9 1.457 1.316 1.095 0.833 
9 1.457 1.315 1.095 0.833 
9 1.457 1.315 1.095 0.833 
9 1.457 1.315 1.095 0.833 
9 1.456 1.315 1.095 0.833 
9 1.456 1.315 1.095 0.832 
9 1.456 1.315 1.094 0.832 
9 1.456 1.315 1.094 0.832 
9 1.456 1.315 1.094 0.832 
9 1.456 1.315 1.094 0.832 
9 1.456 1.315 1.094 0.832 
9 1.456 1.314 1.094 0.832 
9 1.455 1.314 1.094 0.832 
9 1.455 1.314 1.093 0.832 
9 1.455 1.314 1.093 0.832 
9 1.455 1.314 1.093 0.832 
9 1.455 1.314 1.093 0.831 
9 1.455 1.314 1.093 0.831 
9 1.455 1.314 1.093 0.831 
9 1.455 1.314 1.093 0.831 
9 1.454 1.314 1.093 0.831 
9 1.454 1.314 1.092 0.831 
9 1.454 1.313 1.092 0.831 
9 1.454 1.313 1.092 0.831 
9 1.454 1.313 1.092 0.831 
9 1.454 1.313 1.092 0.831 
9 1.454 1.313 1.092 0.831 
9 1.454 1.313 1.092 0.831 
9 1.453 1.313 1.092 0.830 
9 1.453 1.313 1.091 0.830 
9 1.453 1.313 1.091 0.830 
9 1.453 1.313 1.091 0.830 
9 1.453 1.312 1.091 0.830 
9 1.453 1.312 1.091 0.830 
9 1.453 1.312 1.091 0.830 
9 1.453 1.312 1.091 0.830 
9 1.452 1.312 1.091 0.830 
9 1.452 1.312 1.090 0.830 
9 1.452 1.312 1.090 0.830 
9 1.452 1.312 1.090 0.829 
9 1.452 1.312 1.090 0.829 
9 1.452 1.312 1.090 0.829 
9 1.452 1.311 1.090 0.829 
9 1.452 1.311 1.090 0.829 
9 1.451 1.311 1.090 0.829 
9 1.451 1.311 1.089 0.829 
9 1.451 1.311 1.089 0.829 
9 1.451 1.311 1.089 0.829 
9 1.451 1.311 1.089 0.829 
9 1.451 1.311 1.089 0.829 
9 1.451 1.311 1.089 0.829 
9 1.451 1.311 1.089 0.828 
9 1.450 1.311 1.089 0.828 
9 1.450 1.310 1.088 0.828 
9 1.450 1.310 1.088 0.828 
9 1.450 1.310 1.088 0.828 
9 1.450 1.310 1.088 0.828 
9 1.450 1.310 1.088 0.828 
9 1.450 1.310 1.088 0.828 
9 1.450 1.310 1.088 0.828 
9 1.449 1.310 1.088 0.828 
9 1.449 1.310 1.087 0.828 
9 1.449 1.310 1.087 0.827 
9 1.449 1.309 1.087 0.827 
9 1.449 1.309 1.087 0.827 
9 1.449 1.309 1.087 0.827 
9 1.449 1.309 1.087 0.827 
9 1.449 1.309 1.087 0.827 
9 1.448 1.309 1.087 0.827 
9 1.448 1.309 1.086 0.827 
9 1.448 1.309 1.086 0.827 
9 1.448 1.309 1.086 0.827 
9 1.448 1.309 1.086 0.827 
9 1.448 1.309 1.086 0.827 
9 1.448 1.308 1.086 0.826 
9 1.448 1.308 1.086 0.826 
9 1.447 1.308 1.086 0.826 
9 1.447 1.308 1.085 0.826 
9 1.447 1.308 1.085 0.826 
9 1.447 1.308 1.085 0.826 
9 1.447 1.308 1.085 0.826 
9 1.447 1.308 1.085 0.826 
9 1.447 1.308 1.085 0.826 
9 1.447 1.308 1.085 0.826 
9 1.446 1.307 1.085 0.826 
9 1.446 1.307 1.084 0.825 
9 1.446 1.307 1.084 0.825 
9 1.446 1.307 1.084 0.825 
9 1.446 1.307 1.084 0.825 
9 1.446 1.307 1.084 0.825 
9 1.446 1.307 1.084 0.825 
9 1.446 1.307 1.084 0.825 
9 1.445 1.307 1.084 0.825 
9 1.445 1.307 1.083 0.825 
9 1.445 1.307 1.083 0.825 
9 1.445 1.306 1.083 0.825 
9 1.445 1.306 1.083 0.825 
9 1.445 1.306 1.083 0.824 
9 1.445 1.306 1.083 0.824 
9 1.445 1.306 1.083 0.824 
9 1.444 1.306 1.083 0.824 
9 1.444 1.306 1.082 0.824 
9 1.444 1.306 1.082 0.824 
9 1.444 1.306 1.082 0.824 
9 1.444 1.306 1.082 0.824 
9 1.444 1.305 1.082 0.824 
9 1.444 1.305 1.082 0.824 
9 1.444 1.305 1.082 0.824 
9 1.443 1.305 1.082 0.824 
9 1.443 1.305 1.081 0.823 
9 1.443 1.305 1.081 0.823 
9 1.443 1.305 1.081 0.823 
9 1.443 1.305 1.081 0.823 
9 1.443 1.305 1.081 0.823 
9 1.443 1.305 1.081 0.823 
9 1.443 1.305 1.081 0.823 
9 1.442 1.304 1.081 0.823 
9 1.442 1.304 1.081 0.823 
9 1.442 1.304 1.080 0.823 
9 1.442 1.304 1.080 0.823 
9 1.442 1.304 1.080 0.822 
9 1.442 1.304 1.080 0.822 
9 1.442 1.304 1.080 0.822 
9 1.442 1.304 1.080 0.822 
9 1.442 1.304 1.080 0.822 
9 1.441 1.304 1.080 0.822 
9 1.441 1.303 1.079 0.822 
9 1.441 1.303 1.079 0.822 
9 1.441 1.303 1.079 0.822 
9 1.441 1.303 1.079 0.822 
9 1.441 1.303 1.079 0.822 
9 1.441 1.303 1.079 0.822 
9 1.441 1.303 1.079 0.821 
9 1.440 1.303 1.079 0.821 
9 1.440 1.303 1.078 0.821 
9 1.440 1.303 1.078 0.821 
9 1.440 1.303 1.078 0.821 
9 1.440 1.302 1.078 0.821 
9 1.440 1.302 1.078 0.821 
9 1.440 1.302 1.078 0.821 
9 1.440 1.302 1.078 0.821 
9 1.439 1.302 1.078 0.821 
9 1.439 1.302 1.077 0.821 
9 1.439 1.302 1.077 0.821 
9 1.439 1.302 1.077 0.820 
9 1.439 1.302 1.077 0.820 
9 1.439 1.302 1.077 0.820 
9 1.439 1.302 1.077 0.820 
9 1.439 1.301 1.077 0.820 
9 1.438 1.301 1.077 0.820 
9 1.438 1.301 1.076 0.820 
9 1.438 1.301 1.076 0.820 
9 1.438 1.301 1.076 0.820 
9 1.438 1.301 1.076 0.820 
9 1.438 1.301 1.076 0.820 
9 1.438 1.301 1.076 0.820 
9 1.438 1.301 1.076 0.819 
9 1.438 1.301 1.076 0.819 
9 1.437 1.300 1.076 0.819 
9 1.437 1.300 1.075 0.819 
9 1.437 1.300 1.075 0.819 
9 1.437 1.300 1.075 0.819 
9 1.437 1.300 1.075 0.819 
9 1.437 1.300 1.075 0.819 
9 1.437 1.300 1.075 0.819 
9 1.437 1.300 1.075 0.819 
9 1.436 1.300 1.075 0.819 
9 1.436 1.300 1.074 0.819 
9 1.436 1.300 1.074 0.818 
9 1.436 1.299 1.074 0.818 
9 1.436 1.299 1.074 0.818 
9 1.436 1.299 1.074 0.818 
9 1.436 1.299 1.074 0.818 
9 1.436 1.299 1.074 0.818 
9 1.435 1.299 1.074 0.818 
9 1.435 1.299 1.073 0.818 
9 1.435 1.299 1.073 0.818 
9 1.435 1.299 1.073 0.818 
9 1.435 1.299 1.073 0.818 
9 1.435 1.299 1.073 0.818 
9 1.435 1.298 1.073 0.817 
9 1.435 1.298 1.073 0.817 
9 1.434 1.298 1.073 0.817 
9 1.434 1.298 1.072 0.817 
9 1.434 1.298 1.072 0.817 
9 1.434 1.298 1.072 0.817 
9 1.434 1.298 1.072 0.817 
9 1.434 1.298 1.072 0.817 
9 1.434 1.298 1.072 0.817 
9 1.434 1.298 1.072 0.817 
9 1.434 1.298 1.072 0.817 
9 1.433 1.297 1.072 0.817 
9 1.433 1.297 1.071 0.816 
9 1.433 1.297 1.071 0.816 
9 1.433 1.297 1.071 0.816 
